# Core: boro
# Chain: geometric
# Phi: 0.7
# Layers: 50
# Precision: 15
# Bisection precision: 1E-100
# Final value of delta after bisection search: 8.359442463726662828171529108072236911091006483592445833787558862944384420772170833596636538775892439048232175761631048781063072915824570666963076933719258786910299090635269115363091166846606721996194E-9
# Distance precision: 1E-98
# Number of contacts: 1620
# System length: 209.83735633735373
98.996831636122 108.65072897624574
98.996831636122 101.186627361108
110.84052470123173 101.186627361108
110.84052470123173 108.65072897624574
108.65072897624574 98.996831636122
101.186627361108 110.84052470123173
101.186627361108 98.996831636122
108.65072897624574 110.84052470123173
96.99844771647052 108.57034421600858
96.99844771647052 101.26701212134516
112.8389086208832 101.26701212134516
112.8389086208832 108.57034421600858
108.57034421600858 96.99844771647052
101.26701212134516 112.8389086208832
101.26701212134516 96.99844771647052
108.57034421600858 112.8389086208832
94.99923943260974 108.51407488384255
94.99923943260974 101.32328145351117
114.838116904744 101.32328145351117
114.838116904744 108.51407488384255
108.51407488384255 94.99923943260974
101.32328145351117 114.838116904744
101.32328145351117 94.99923943260974
108.51407488384255 114.838116904744
92.99962733435012 108.47468635132634
92.99962733435012 101.36266998602738
116.83772900300362 101.36266998602738
116.83772900300362 108.47468635132634
108.47468635132634 92.99962733435012
101.36266998602738 116.83772900300362
101.36266998602738 92.99962733435012
108.47468635132634 116.83772900300362
90.99981739680155 108.44711437856499
90.99981739680155 101.39024195878874
118.8375389405522 101.39024195878874
118.8375389405522 108.44711437856499
108.44711437856499 90.99981739680155
101.39024195878874 118.8375389405522
101.39024195878874 90.99981739680155
108.44711437856499 118.8375389405522
88.99991052514581 108.42781399763204
88.99991052514581 101.40954233972168
120.83744581220793 101.40954233972168
120.83744581220793 108.42781399763204
108.42781399763204 88.99991052514581
101.40954233972168 120.83744581220793
101.40954233972168 88.99991052514581
108.42781399763204 120.83744581220793
86.99995615749265 108.41430373097899
86.99995615749265 101.42305260637474
122.83740017986109 101.42305260637474
122.83740017986109 108.41430373097899
108.41430373097899 86.99995615749265
101.42305260637474 122.83740017986109
101.42305260637474 86.99995615749265
108.41430373097899 122.83740017986109
84.9999785172125 108.40484654432184
84.9999785172125 101.43250979303188
124.83737782014123 101.43250979303188
124.83737782014123 108.40484654432184
108.40484654432184 84.9999785172125
101.43250979303188 124.83737782014123
101.43250979303188 84.9999785172125
108.40484654432184 124.83737782014123
82.99998947344399 108.39822651366184
82.99998947344399 101.43912982369189
126.83736686390974 101.43912982369189
126.83736686390974 108.39822651366184
108.39822651366184 82.99998947344399
101.43912982369189 126.83736686390974
101.43912982369189 82.99998947344399
108.39822651366184 126.83736686390974
80.99999484198993 108.39359249219984
80.99999484198993 101.44376384515388
128.8373614953638 101.44376384515388
128.8373614953638 108.39359249219984
108.39359249219984 80.99999484198993
101.44376384515388 128.8373614953638
101.44376384515388 80.99999484198993
108.39359249219984 128.8373614953638
78.99999747257563 108.39034867717645
78.99999747257563 101.44700766017729
130.8373588647781 101.44700766017729
130.8373588647781 108.39034867717645
108.39034867717645 78.99999747257563
101.44700766017729 130.8373588647781
101.44700766017729 78.99999747257563
108.39034867717645 130.8373588647781
76.9999987615622 108.38807800666007
76.9999987615622 101.44927833069367
132.83735757579154 101.44927833069367
132.83735757579154 108.38807800666007
108.38807800666007 76.9999987615622
101.44927833069367 132.83735757579154
101.44927833069367 76.9999987615622
108.38807800666007 132.83735757579154
74.99999939316551 108.3864885372986
74.99999939316551 101.45086780005514
134.83735694418823 101.45086780005514
134.83735694418823 108.3864885372986
108.3864885372986 74.99999939316551
101.45086780005514 134.83735694418823
101.45086780005514 74.99999939316551
108.3864885372986 134.83735694418823
72.99999970265111 108.38537590874557
72.99999970265111 101.45198042860817
136.83735663470262 101.45198042860817
136.83735663470262 108.38537590874557
108.38537590874557 72.99999970265111
101.45198042860817 136.83735663470262
101.45198042860817 72.99999970265111
108.38537590874557 136.83735663470262
70.99999985429905 108.38459706875845
70.99999985429905 101.45275926859527
138.8373564830547 101.45275926859527
138.8373564830547 108.38459706875845
108.38459706875845 70.99999985429905
101.45275926859527 138.8373564830547
101.45275926859527 70.99999985429905
108.38459706875845 138.8373564830547
68.99999992860653 108.38405188076747
68.99999992860653 101.45330445658627
140.8373564087472 101.45330445658627
140.8373564087472 108.38405188076747
108.38405188076747 68.99999992860653
101.45330445658627 140.8373564087472
101.45330445658627 68.99999992860653
108.38405188076747 140.8373564087472
66.9999999650172 108.38367024917379
66.9999999650172 101.45368608817995
142.83735637233653 101.45368608817995
142.83735637233653 108.38367024917379
108.38367024917379 66.9999999650172
101.45368608817995 142.83735637233653
101.45368608817995 66.9999999650172
108.38367024917379 142.83735637233653
64.99999998285843 108.3834031070582
64.99999998285843 101.45395323029553
144.8373563544953 101.45395323029553
144.8373563544953 108.3834031070582
108.3834031070582 64.99999998285843
101.45395323029553 144.8373563544953
101.45395323029553 64.99999998285843
108.3834031070582 144.8373563544953
62.99999999160063 108.3832161075773
62.99999999160063 101.45414022977644
146.8373563457531 101.45414022977644
146.8373563457531 108.3832161075773
108.3832161075773 62.99999999160063
101.45414022977644 146.8373563457531
101.45414022977644 62.99999999160063
108.3832161075773 146.8373563457531
60.99999999588431 108.38308520794067
60.99999999588431 101.45427112941307
148.83735634146942 101.45427112941307
148.83735634146942 108.38308520794067
108.38308520794067 60.99999999588431
101.45427112941307 148.83735634146942
101.45427112941307 60.99999999588431
108.38308520794067 148.83735634146942
58.99999999798331 108.38299357819501
58.99999999798331 101.45436275915871
150.83735633937042 101.45436275915871
150.83735633937042 108.38299357819501
108.38299357819501 58.99999999798331
101.45436275915871 150.83735633937042
101.45436275915871 58.99999999798331
108.38299357819501 150.83735633937042
56.99999999901182 108.38292943737306
56.99999999901182 101.45442689998067
152.83735633834192 101.45442689998067
152.83735633834192 108.38292943737306
108.38292943737306 56.99999999901182
101.45442689998067 152.83735633834192
101.45442689998067 56.99999999901182
108.38292943737306 152.83735633834192
54.99999999951579 108.3828845387977
54.99999999951579 101.45447179855603
154.83735633783795 101.45447179855603
154.83735633783795 108.3828845387977
108.3828845387977 54.99999999951579
101.45447179855603 154.83735633783795
101.45447179855603 54.99999999951579
108.3828845387977 154.83735633783795
52.999999999762736 108.38285310979494
52.999999999762736 101.45450322755879
156.837356337591 101.45450322755879
156.837356337591 108.38285310979494
108.38285310979494 52.999999999762736
101.45450322755879 156.837356337591
101.45450322755879 52.999999999762736
108.38285310979494 156.837356337591
50.99999999988374 108.38283110949301
50.99999999988374 101.45452522786071
158.83735633747 101.45452522786071
158.83735633747 108.38283110949301
108.38283110949301 50.99999999988374
101.45452522786071 158.83735633747
101.45452522786071 50.99999999988374
108.38283110949301 158.83735633747
48.999999999943036 108.38281570928166
48.999999999943036 101.45454062807207
160.8373563374107 101.45454062807207
160.8373563374107 108.38281570928166
108.38281570928166 48.999999999943036
101.45454062807207 160.8373563374107
101.45454062807207 48.999999999943036
108.38281570928166 160.8373563374107
46.99999999997209 108.38280492913371
46.99999999997209 101.45455140822001
162.83735633738164 101.45455140822001
162.83735633738164 108.38280492913371
108.38280492913371 46.99999999997209
101.45455140822001 162.83735633738164
101.45455140822001 46.99999999997209
108.38280492913371 162.83735633738164
44.99999999998632 108.38279738303015
44.99999999998632 101.45455895432357
164.83735633736742 101.45455895432357
164.83735633736742 108.38279738303015
108.38279738303015 44.99999999998632
101.45455895432357 164.83735633736742
101.45455895432357 44.99999999998632
108.38279738303015 164.83735633736742
42.9999999999933 108.38279210075767
42.9999999999933 101.45456423659607
166.83735633736043 101.45456423659607
166.83735633736043 108.38279210075767
108.38279210075767 42.9999999999933
101.45456423659607 166.83735633736043
101.45456423659607 42.9999999999933
108.38279210075767 166.83735633736043
40.99999999999672 108.38278840316691
40.99999999999672 101.45456793418681
168.83735633735702 101.45456793418681
168.83735633735702 108.38278840316691
108.38278840316691 40.99999999999672
101.45456793418681 168.83735633735702
101.45456793418681 40.99999999999672
108.38278840316691 168.83735633735702
38.999999999998394 108.38278581485339
38.999999999998394 101.45457052250033
170.83735633735535 101.45457052250033
170.83735633735535 108.38278581485339
108.38278581485339 38.999999999998394
101.45457052250033 170.83735633735535
101.45457052250033 38.999999999998394
108.38278581485339 170.83735633735535
36.99999999999921 108.38278400303393
36.99999999999921 101.4545723343198
172.83735633735452 101.4545723343198
172.83735633735452 108.38278400303393
108.38278400303393 36.99999999999921
101.4545723343198 172.83735633735452
101.4545723343198 36.99999999999921
108.38278400303393 172.83735633735452
34.999999999999616 108.38278273476031
34.999999999999616 101.45457360259343
174.83735633735412 101.45457360259343
174.83735633735412 108.38278273476031
108.38278273476031 34.999999999999616
101.45457360259343 174.83735633735412
101.45457360259343 34.999999999999616
108.38278273476031 174.83735633735412
32.99999999999981 108.38278184696877
32.99999999999981 101.45457449038497
176.83735633735392 101.45457449038497
176.83735633735392 108.38278184696877
108.38278184696877 32.99999999999981
101.45457449038497 176.83735633735392
101.45457449038497 32.99999999999981
108.38278184696877 176.83735633735392
30.999999999999908 108.38278122551469
30.999999999999908 101.45457511183905
178.83735633735384 101.45457511183905
178.83735633735384 108.38278122551469
108.38278122551469 30.999999999999908
101.45457511183905 178.83735633735384
101.45457511183905 30.999999999999908
108.38278122551469 178.83735633735384
28.999999999999954 108.38278079049684
28.999999999999954 101.4545755468569
180.83735633735378 101.4545755468569
180.83735633735378 108.38278079049684
108.38278079049684 28.999999999999954
101.4545755468569 180.83735633735378
101.4545755468569 28.999999999999954
108.38278079049684 180.83735633735378
26.99999999999998 108.38278048598434
26.99999999999998 101.4545758513694
182.83735633735375 101.4545758513694
182.83735633735375 108.38278048598434
108.38278048598434 26.99999999999998
101.4545758513694 182.83735633735375
101.4545758513694 26.99999999999998
108.38278048598434 182.83735633735375
24.99999999999999 108.38278027282558
24.99999999999999 101.45457606452814
184.83735633735375 101.45457606452814
184.83735633735375 108.38278027282558
108.38278027282558 24.99999999999999
101.45457606452814 184.83735633735375
101.45457606452814 24.99999999999999
108.38278027282558 184.83735633735375
22.999999999999993 108.38278012361447
22.999999999999993 101.45457621373926
186.83735633735373 101.45457621373926
186.83735633735373 108.38278012361447
108.38278012361447 22.999999999999993
101.45457621373926 186.83735633735373
101.45457621373926 22.999999999999993
108.38278012361447 186.83735633735373
20.999999999999996 108.38278001916667
20.999999999999996 101.45457631818705
188.83735633735373 101.45457631818705
188.83735633735373 108.38278001916667
108.38278001916667 20.999999999999996
101.45457631818705 188.83735633735373
101.45457631818705 20.999999999999996
108.38278001916667 188.83735633735373
19.0 108.38277994605323
19.0 101.4545763913005
190.83735633735373 101.4545763913005
190.83735633735373 108.38277994605323
108.38277994605323 19.0
101.4545763913005 190.83735633735373
101.4545763913005 19.0
108.38277994605323 190.83735633735373
17.0 108.38277989487382
17.0 101.45457644247992
192.83735633735373 101.45457644247992
192.83735633735373 108.38277989487382
108.38277989487382 17.0
101.45457644247992 192.83735633735373
101.45457644247992 17.0
108.38277989487382 192.83735633735373
15.0 108.38277985904823
15.0 101.45457647830551
194.83735633735373 101.45457647830551
194.83735633735373 108.38277985904823
108.38277985904823 15.0
101.45457647830551 194.83735633735373
101.45457647830551 15.0
108.38277985904823 194.83735633735373
13.0 108.3827798339703
13.0 101.45457650338342
196.83735633735373 101.45457650338342
196.83735633735373 108.3827798339703
108.3827798339703 13.0
101.45457650338342 196.83735633735373
101.45457650338342 13.0
108.3827798339703 196.83735633735373
11.0 108.38277981641578
11.0 101.45457652093796
198.83735633735373 101.45457652093796
198.83735633735373 108.38277981641578
108.38277981641578 11.0
101.45457652093796 198.83735633735373
101.45457652093796 11.0
108.38277981641578 198.83735633735373
9.0 108.3827798041276
9.0 101.45457653322615
200.83735633735373 101.45457653322615
200.83735633735373 108.3827798041276
108.3827798041276 9.0
101.45457653322615 200.83735633735373
101.45457653322615 9.0
108.3827798041276 200.83735633735373
7.0 108.38277979552586
7.0 101.45457654182786
202.83735633735373 101.45457654182786
202.83735633735373 108.38277979552586
108.38277979552586 7.0
101.45457654182786 202.83735633735373
101.45457654182786 7.0
108.38277979552586 202.83735633735373
5.0 108.38277978950467
5.0 101.45457654784907
204.83735633735373 101.45457654784907
204.83735633735373 108.38277978950467
108.38277978950467 5.0
101.45457654784907 204.83735633735373
101.45457654784907 5.0
108.38277978950467 204.83735633735373
3.0 108.38277978528981
3.0 101.45457655206391
206.83735633735373 101.45457655206391
206.83735633735373 108.38277978528981
108.38277978528981 3.0
101.45457655206391 206.83735633735373
101.45457655206391 3.0
108.38277978528981 206.83735633735373
1.0 108.38277978233943
1.0 101.45457655501431
208.83735633735373 101.45457655501431
208.83735633735373 108.38277978233943
108.38277978233943 1.0
101.45457655501431 208.83735633735373
101.45457655501431 1.0
108.38277978233943 208.83735633735373
98.996831636122 106.65072897624574
98.996831636122 103.186627361108
110.84052470123173 103.186627361108
110.84052470123173 106.65072897624574
106.65072897624574 98.996831636122
103.186627361108 110.84052470123173
103.186627361108 98.996831636122
106.65072897624574 110.84052470123173
96.87464013141245 106.57417997379751
96.87464013141245 103.26317636355623
112.96271620594129 103.26317636355623
112.96271620594129 106.57417997379751
106.57417997379751 96.87464013141245
103.26317636355623 112.96271620594129
103.26317636355623 96.87464013141245
106.57417997379751 112.96271620594129
94.60117483658725 106.55408902231359
94.60117483658725 103.28326731504015
115.23618150076648 103.28326731504015
115.23618150076648 106.55408902231359
106.55408902231359 94.60117483658725
103.28326731504015 115.23618150076648
103.28326731504015 94.60117483658725
106.55408902231359 115.23618150076648
92.34409421231537 106.58516886638068
92.34409421231537 103.25218747097306
117.49326212503836 103.25218747097306
117.49326212503836 106.58516886638068
106.58516886638068 92.34409421231537
103.25218747097306 117.49326212503836
103.25218747097306 92.34409421231537
106.58516886638068 117.49326212503836
90.18666484339641 106.61988069758965
90.18666484339641 103.21747563976409
119.65069149395732 103.21747563976409
119.65069149395732 106.61988069758965
106.61988069758965 90.18666484339641
103.21747563976409 119.65069149395732
103.21747563976409 90.18666484339641
106.61988069758965 119.65069149395732
88.11062293888084 106.63639902925787
88.11062293888084 103.20095730809585
121.72673339847289 103.20095730809585
121.72673339847289 106.63639902925787
106.63639902925787 88.11062293888084
103.20095730809585 121.72673339847289
103.20095730809585 88.11062293888084
106.63639902925787 121.72673339847289
86.07214374560215 106.64253508684344
86.07214374560215 103.1948212505103
123.76521259175159 103.1948212505103
123.76521259175159 106.64253508684344
106.64253508684344 86.07214374560215
103.1948212505103 123.76521259175159
103.1948212505103 86.07214374560215
106.64253508684344 123.76521259175159
84.04895642031826 106.64542704595914
84.04895642031826 103.1919292913946
125.78839991703548 103.1919292913946
125.78839991703548 106.64542704595914
106.64542704595914 84.04895642031826
103.1919292913946 125.78839991703548
103.1919292913946 84.04895642031826
106.64542704595914 125.78839991703548
82.0336731573787 106.64716033064477
82.0336731573787 103.19019600670896
127.80368317997504 103.19019600670896
127.80368317997504 106.64716033064477
106.64716033064477 82.0336731573787
103.19019600670896 127.80368317997504
103.19019600670896 82.0336731573787
106.64716033064477 127.80368317997504
80.02330586859847 106.64829061308107
80.02330586859847 103.18906572427267
129.81405046875525 103.18906572427267
129.81405046875525 106.64829061308107
106.64829061308107 80.02330586859847
103.18906572427267 129.81405046875525
103.18906572427267 80.02330586859847
106.64829061308107 129.81405046875525
78.01619051228427 106.6490492012441
78.01619051228427 103.18830713610963
131.82116582506947 103.18830713610963
131.82116582506947 106.6490492012441
106.6490492012441 78.01619051228427
103.18830713610963 131.82116582506947
103.18830713610963 78.01619051228427
106.6490492012441 131.82116582506947
76.01127469251531 106.64956579350556
76.01127469251531 103.18779054384818
133.8260816448384 103.18779054384818
133.8260816448384 106.64956579350556
106.64956579350556 76.01127469251531
103.18779054384818 133.8260816448384
103.18779054384818 76.01127469251531
106.64956579350556 133.8260816448384
74.00786413864786 106.64992076242103
74.00786413864786 103.18743557493269
135.82949219870588 103.18743557493269
135.82949219870588 106.64992076242103
106.64992076242103 74.00786413864786
103.18743557493269 135.82949219870588
103.18743557493269 74.00786413864786
106.64992076242103 135.82949219870588
72.00549130010444 106.65016611242004
72.00549130010444 103.18719022493369
137.8318650372493 103.18719022493369
137.8318650372493 106.65016611242004
106.65016611242004 72.00549130010444
103.18719022493369 137.8318650372493
103.18719022493369 72.00549130010444
106.65016611242004 137.8318650372493
70.00383731073045 106.65033636552178
70.00383731073045 103.18701997183194
139.8335190266233 103.18701997183194
139.8335190266233 106.65033636552178
106.65033636552178 70.00383731073045
103.18701997183194 139.8335190266233
103.18701997183194 70.00383731073045
106.65033636552178 139.8335190266233
68.00268290355612 106.65045482506376
68.00268290355612 103.18690151228998
141.8346734337976 103.18690151228998
141.8346734337976 106.65045482506376
106.65045482506376 68.00268290355612
103.18690151228998 141.8346734337976
103.18690151228998 68.00268290355612
106.65045482506376 141.8346734337976
66.00187646284824 106.65053739955782
66.00187646284824 103.18681893779592
143.8354798745055 103.18681893779592
143.8354798745055 106.65053739955782
106.65053739955782 66.00187646284824
103.18681893779592 143.8354798745055
103.18681893779592 66.00187646284824
106.65053739955782 143.8354798745055
64.00131275517049 106.65059503307742
64.00131275517049 103.1867613042763
145.83604358218324 103.1867613042763
145.83604358218324 106.65059503307742
106.65059503307742 64.00131275517049
103.1867613042763 145.83604358218324
103.1867613042763 64.00131275517049
106.65059503307742 145.83604358218324
62.00091855053746 106.65063529441932
62.00091855053746 103.18672104293441
147.83643778681628 103.18672104293441
147.83643778681628 106.65063529441932
106.65063529441932 62.00091855053746
103.18672104293441 147.83643778681628
103.18672104293441 62.00091855053746
106.65063529441932 147.83643778681628
60.00064279819324 106.65066343729038
60.00064279819324 103.18669290006335
149.83671353916048 103.18669290006335
149.83671353916048 106.65066343729038
106.65066343729038 60.00064279819324
103.18669290006335 149.83671353916048
103.18669290006335 60.00064279819324
106.65066343729038 149.83671353916048
58.000449864900276 106.65068311772505
58.000449864900276 103.18667321962869
151.83690647245345 103.18667321962869
151.83690647245345 106.65068311772505
106.65068311772505 58.000449864900276
103.18667321962869 151.83690647245345
103.18667321962869 58.000449864900276
106.65068311772505 151.83690647245345
56.000314857269956 106.65069688445745
56.000314857269956 103.18665945289628
153.83704148008377 103.18665945289628
153.83704148008377 106.65069688445745
106.65069688445745 56.000314857269956
103.18665945289628 153.83704148008377
103.18665945289628 56.000314857269956
106.65069688445745 153.83704148008377
54.00022037428688 106.65070651648674
54.00022037428688 103.186649820867
155.83713596306686 103.186649820867
155.83713596306686 106.65070651648674
106.65070651648674 54.00022037428688
103.186649820867 155.83713596306686
103.186649820867 54.00022037428688
106.65070651648674 155.83713596306686
52.000154247146526 106.6507132566147
52.000154247146526 103.18664308073905
157.8372020902072 103.18664308073905
157.8372020902072 106.6507132566147
106.6507132566147 52.000154247146526
103.18664308073905 157.8372020902072
103.18664308073905 52.000154247146526
106.6507132566147 157.8372020902072
50.000107963510054 106.65071797358172
50.000107963510054 103.18663836377202
159.8372483738437 103.18663836377202
159.8372483738437 106.65071797358172
106.65071797358172 50.000107963510054
103.18663836377202 159.8372483738437
103.18663836377202 50.000107963510054
106.65071797358172 159.8372483738437
48.00007556759089 106.65072127490886
48.00007556759089 103.18663506244488
161.83728076976283 103.18663506244488
161.83728076976283 106.65072127490886
106.65072127490886 48.00007556759089
103.18663506244488 161.83728076976283
103.18663506244488 48.00007556759089
106.65072127490886 161.83728076976283
46.00005289173409 106.65072358556856
46.00005289173409 103.18663275178517
163.83730344561965 103.18663275178517
163.83730344561965 106.65072358556856
106.65072358556856 46.00005289173409
103.18663275178517 163.83730344561965
103.18663275178517 46.00005289173409
106.65072358556856 163.83730344561965
44.00003701926467 106.65072520289843
44.00003701926467 103.1866311344553
165.83731931808907 103.1866311344553
165.83731931808907 106.65072520289843
106.65072520289843 44.00003701926467
103.1866311344553 165.83731931808907
103.1866311344553 44.00003701926467
106.65072520289843 165.83731931808907
42.00002590884489 106.65072633496472
42.00002590884489 103.18663000238902
167.83733042850884 103.18663000238902
167.83733042850884 106.65072633496472
106.65072633496472 42.00002590884489
103.18663000238902 167.83733042850884
103.18663000238902 42.00002590884489
106.65072633496472 167.83733042850884
40.00001813170237 106.65072712737944
40.00001813170237 103.18662920997429
169.83733820565138 103.18662920997429
169.83733820565138 106.65072712737944
106.65072712737944 40.00001813170237
103.18662920997429 169.83733820565138
103.18662920997429 40.00001813170237
106.65072712737944 169.83733820565138
38.00001268777673 106.65072768205424
38.00001268777673 103.1866286552995
171.837343649577 103.1866286552995
171.837343649577 106.65072768205424
106.65072768205424 38.00001268777673
103.1866286552995 171.837343649577
103.1866286552995 38.00001268777673
106.65072768205424 171.837343649577
36.00000887706512 106.65072807031899
36.00000887706512 103.18662826703473
173.8373474602886 103.18662826703473
173.8373474602886 106.65072807031899
106.65072807031899 36.00000887706512
103.18662826703473 173.8373474602886
103.18662826703473 36.00000887706512
106.65072807031899 173.8373474602886
34.00000620958479 106.65072834210059
34.00000620958479 103.18662799525313
175.83735012776896 103.18662799525313
175.83735012776896 106.65072834210059
106.65072834210059 34.00000620958479
103.18662799525313 175.83735012776896
103.18662799525313 34.00000620958479
106.65072834210059 175.83735012776896
32.00000434235728 106.6507285323459
32.00000434235728 103.18662780500784
177.83735199499645 103.18662780500784
177.83735199499645 106.6507285323459
106.6507285323459 32.00000434235728
103.18662780500784 177.83735199499645
103.18662780500784 32.00000434235728
106.6507285323459 177.83735199499645
30.000003035302296 106.65072866551671
30.000003035302296 103.18662767183703
179.83735330205144 103.18662767183703
179.83735330205144 106.65072866551671
106.65072866551671 30.000003035302296
103.18662767183703 179.83735330205144
103.18662767183703 30.000003035302296
106.65072866551671 179.83735330205144
28.000002120365902 106.65072875873584
28.000002120365902 103.18662757861789
181.83735421698782 103.18662757861789
181.83735421698782 106.65072875873584
106.65072875873584 28.000002120365902
103.18662757861789 181.83735421698782
103.18662757861789 28.000002120365902
106.65072875873584 181.83735421698782
26.00000147991145 106.65072882398901
26.00000147991145 103.18662751336471
183.83735485744228 103.18662751336471
183.83735485744228 106.65072882398901
106.65072882398901 26.00000147991145
103.18662751336471 183.83735485744228
103.18662751336471 26.00000147991145
106.65072882398901 183.83735485744228
24.00000103159384 106.65072886966614
24.00000103159384 103.1866274676876
185.8373553057599 103.1866274676876
185.8373553057599 106.65072886966614
106.65072886966614 24.00000103159384
103.1866274676876 185.8373553057599
103.1866274676876 24.00000103159384
106.65072886966614 185.8373553057599
22.00000071777176 106.65072890164006
22.00000071777176 103.18662743571366
187.83735561958198 103.18662743571366
187.83735561958198 106.65072890164006
106.65072890164006 22.00000071777176
103.18662743571366 187.83735561958198
103.18662743571366 22.00000071777176
106.65072890164006 187.83735561958198
20.00000049809642 106.65072892402179
20.00000049809642 103.18662741333193
189.8373558392573 103.18662741333193
189.8373558392573 106.65072892402179
106.65072892402179 20.00000049809642
103.18662741333193 189.8373558392573
103.18662741333193 20.00000049809642
106.65072892402179 189.8373558392573
18.000000344323745 106.65072893968899
18.000000344323745 103.18662739766474
191.83735599303 103.18662739766474
191.83735599303 106.65072893968899
106.65072893968899 18.000000344323745
103.18662739766474 191.83735599303
103.18662739766474 18.000000344323745
106.65072893968899 191.83735599303
16.0000002366829 106.65072895065602
16.0000002366829 103.18662738669771
193.83735610067083 103.18662738669771
193.83735610067083 106.65072895065602
106.65072895065602 16.0000002366829
103.18662738669771 193.83735610067083
103.18662738669771 16.0000002366829
106.65072895065602 193.83735610067083
14.000000161334322 106.65072895833295
14.000000161334322 103.18662737902079
195.8373561760194 103.18662737902079
195.8373561760194 106.65072895833295
106.65072895833295 14.000000161334322
103.18662737902079 195.8373561760194
103.18662737902079 14.000000161334322
106.65072895833295 195.8373561760194
12.000000108590324 106.65072896370678
12.000000108590324 103.18662737364694
197.8373562287634 103.18662737364694
197.8373562287634 106.65072896370678
106.65072896370678 12.000000108590324
103.18662737364694 197.8373562287634
103.18662737364694 12.000000108590324
106.65072896370678 197.8373562287634
10.00000007166953 106.65072896746847
10.00000007166953 103.18662736988526
199.8373562656842 103.18662736988526
199.8373562656842 106.65072896746847
106.65072896746847 10.00000007166953
103.18662736988526 199.8373562656842
103.18662736988526 10.00000007166953
106.65072896746847 199.8373562656842
8.000000045824976 106.65072897010165
8.000000045824976 103.18662736725207
201.83735629152875 103.18662736725207
201.83735629152875 106.65072897010165
106.65072897010165 8.000000045824976
103.18662736725207 201.83735629152875
103.18662736725207 8.000000045824976
106.65072897010165 201.83735629152875
6.000000027733789 106.65072897194489
6.000000027733789 103.18662736540885
203.83735630961993 103.18662736540885
203.83735630961993 106.65072897194489
106.65072897194489 6.000000027733789
103.18662736540885 203.83735630961993
103.18662736540885 6.000000027733789
106.65072897194489 203.83735630961993
4.000000015069958 106.65072897323515
4.000000015069958 103.18662736411859
205.83735632228377 103.18662736411859
205.83735632228377 106.65072897323515
106.65072897323515 4.000000015069958
103.18662736411859 205.83735632228377
103.18662736411859 4.000000015069958
106.65072897323515 205.83735632228377
2.0000000062052767 106.65072897413832
2.0000000062052767 103.18662736321541
207.83735633114844 103.18662736321541
207.83735633114844 106.65072897413832
106.65072897413832 2.0000000062052767
103.18662736321541 207.83735633114844
103.18662736321541 2.0000000062052767
106.65072897413832 207.83735633114844
209.83735633735373 106.65072897477054
209.83735633735373 103.18662736258318
106.65072897477054 209.83735633735373
103.18662736258318 209.83735633735373
111.84052470123173 104.91867816867686
97.996831636122 104.91867816867686
104.91867816867686 97.996831636122
104.91867816867686 111.84052470123173
114.08490771065085 104.91867816867686
95.75244862670289 104.91867816867686
104.91867816867686 95.75244862670289
104.91867816867686 114.08490771065085
116.38745529088212 104.91867816867686
93.44990104647162 104.91867816867686
104.91867816867686 93.44990104647162
104.91867816867686 116.38745529088212
118.5990689591946 104.91867816867686
91.23828737815913 104.91867816867686
104.91867816867686 91.23828737815913
104.91867816867686 118.5990689591946
120.70231402872004 104.91867816867686
89.1350423086337 104.91867816867686
104.91867816867686 89.1350423086337
104.91867816867686 120.70231402872004
122.75115276822574 104.91867816867686
87.08620356912799 104.91867816867686
104.91867816867686 87.08620356912799
104.91867816867686 122.75115276822574
124.77927241527743 104.91867816867686
85.0580839220763 104.91867816867686
104.91867816867686 85.0580839220763
104.91867816867686 124.77927241527743
126.7975274187935 104.91867816867686
83.03982891856022 104.91867816867686
104.91867816867686 83.03982891856022
104.91867816867686 126.7975274187935
128.80983894115656 104.91867816867686
81.02751739619717 104.91867816867686
104.91867816867686 81.02751739619717
104.91867816867686 128.80983894115656
130.81826199635398 104.91867816867686
79.01909434099976 104.91867816867686
104.91867816867686 79.01909434099976
104.91867816867686 130.81826199635398
132.82406965378496 104.91867816867686
77.01328668356877 104.91867816867686
104.91867816867686 77.01328668356877
104.91867816867686 132.82406965378496
134.82809363589186 104.91867816867686
75.00926270146188 104.91867816867686
104.91867816867686 75.00926270146188
104.91867816867686 134.82809363589186
136.83089076151987 104.91867816867686
73.00646557583386 104.91867816867686
104.91867816867686 73.00646557583386
104.91867816867686 136.83089076151987
138.8328393129787 104.91867816867686
71.00451702437503 104.91867816867686
104.91867816867686 71.00451702437503
104.91867816867686 138.8328393129787
140.83419874026788 104.91867816867686
69.00315759708586 104.91867816867686
104.91867816867686 69.00315759708586
104.91867816867686 140.83419874026788
142.83514812732736 104.91867816867686
67.00220821002637 104.91867816867686
104.91867816867686 67.00220821002637
104.91867816867686 142.83514812732736
144.83581162168363 104.91867816867686
65.00154471567011 104.91867816867686
104.91867816867686 65.00154471567011
104.91867816867686 144.83581162168363
146.83627554268287 104.91867816867686
63.001080794670855 104.91867816867686
104.91867816867686 63.001080794670855
104.91867816867686 146.83627554268287
148.83660003094965 104.91867816867686
61.00075630640408 104.91867816867686
104.91867816867686 61.00075630640408
104.91867816867686 148.83660003094965
150.83682704737132 104.91867816867686
59.00052928998241 104.91867816867686
104.91867816867686 59.00052928998241
104.91867816867686 150.83682704737132
152.83698589753558 104.91867816867686
57.000370439818134 104.91867816867686
104.91867816867686 57.000370439818134
104.91867816867686 152.83698589753558
154.83709706263195 104.91867816867686
55.00025927472178 104.91867816867686
104.91867816867686 55.00025927472178
104.91867816867686 154.83709706263195
156.83717486350176 104.91867816867686
53.00018147385199 104.91867816867686
104.91867816867686 53.00018147385199
104.91867816867686 156.83717486350176
158.83722931691267 104.91867816867686
51.000127020441056 104.91867816867686
104.91867816867686 51.000127020441056
104.91867816867686 158.83722931691267
160.8372674307747 104.91867816867686
49.000088906579045 104.91867816867686
104.91867816867686 49.000088906579045
104.91867816867686 160.8372674307747
162.837294108751 104.91867816867686
47.00006222860274 104.91867816867686
104.91867816867686 47.00006222860274
104.91867816867686 162.837294108751
164.83731278248828 104.91867816867686
45.00004355486544 104.91867816867686
104.91867816867686 45.00004355486544
104.91867816867686 164.83731278248828
166.83732585368986 104.91867816867686
43.000030483663885 104.91867816867686
104.91867816867686 43.000030483663885
104.91867816867686 166.83732585368986
168.83733500332784 104.91867816867686
41.0000213340259 104.91867816867686
104.91867816867686 41.0000213340259
104.91867816867686 168.83733500332784
170.8373414079749 104.91867816867686
39.00001492937883 104.91867816867686
104.91867816867686 39.00001492937883
104.91867816867686 170.8373414079749
172.8373458911791 104.91867816867686
37.00001044617464 104.91867816867686
104.91867816867686 37.00001044617464
104.91867816867686 172.8373458911791
174.83734902939813 104.91867816867686
35.0000073079556 104.91867816867686
104.91867816867686 35.0000073079556
104.91867816867686 174.83734902939813
176.83735122613976 104.91867816867686
33.00000511121398 104.91867816867686
104.91867816867686 33.00000511121398
104.91867816867686 176.83735122613976
178.83735276385315 104.91867816867686
31.00000357350058 104.91867816867686
104.91867816867686 31.00000357350058
104.91867816867686 178.83735276385315
180.83735384024973 104.91867816867686
29.000002497104013 104.91867816867686
104.91867816867686 29.000002497104013
104.91867816867686 180.83735384024973
182.83735459372593 104.91867816867686
27.00000174362779 104.91867816867686
104.91867816867686 27.00000174362779
104.91867816867686 182.83735459372593
184.83735512115862 104.91867816867686
25.000001216195113 104.91867816867686
104.91867816867686 25.000001216195113
104.91867816867686 184.83735512115862
186.83735549036118 104.91867816867686
23.000000846992567 104.91867816867686
104.91867816867686 23.000000846992567
104.91867816867686 186.83735549036118
188.8373557488028 104.91867816867686
21.000000588550947 104.91867816867686
104.91867816867686 21.000000588550947
104.91867816867686 188.8373557488028
190.83735592971183 104.91867816867686
19.000000407641892 104.91867816867686
104.91867816867686 19.000000407641892
104.91867816867686 190.83735592971183
192.83735605634814 104.91867816867686
17.000000281005594 104.91867816867686
104.91867816867686 17.000000281005594
104.91867816867686 192.83735605634814
194.83735614499352 104.91867816867686
15.000000192360204 104.91867816867686
104.91867816867686 15.000000192360204
104.91867816867686 194.83735614499352
196.8373562070453 104.91867816867686
13.00000013030844 104.91867816867686
104.91867816867686 13.00000013030844
104.91867816867686 196.8373562070453
198.83735625048152 104.91867816867686
11.00000008687221 104.91867816867686
104.91867816867686 11.00000008687221
104.91867816867686 198.83735625048152
200.8373562808869 104.91867816867686
9.00000005646685 104.91867816867686
104.91867816867686 9.00000005646685
104.91867816867686 200.8373562808869
202.83735630217063 104.91867816867686
7.000000035183101 104.91867816867686
104.91867816867686 7.000000035183101
104.91867816867686 202.83735630217063
204.83735631706926 104.91867816867686
5.000000020284476 104.91867816867686
104.91867816867686 5.000000020284476
104.91867816867686 204.83735631706926
206.8373563274983 104.91867816867686
3.0000000098554396 104.91867816867686
104.91867816867686 3.0000000098554396
104.91867816867686 206.8373563274983
208.8373563347986 104.91867816867686
1.000000002555114 104.91867816867686
104.91867816867686 1.000000002555114
104.91867816867686 208.8373563347986
108.85052982125501 106.85052982125501
100.98682651609873 106.85052982125501
108.85052982125501 102.98682651609873
100.98682651609873 102.98682651609873
106.85052982125501 108.85052982125501
102.98682651609873 108.85052982125501
106.85052982125501 100.98682651609873
102.98682651609873 100.98682651609873
108.85052982125501 108.85052982125501
108.85052982125501 100.98682651609873
100.98682651609873 100.98682651609873
100.98682651609873 108.85052982125501
104.91867816867686 106.33289173104995
104.91867816867686 103.50446460630377
103.50446460630377 104.91867816867686
106.33289173104995 104.91867816867686
104.91867816867686 108.33289173104995
104.91867816867686 101.50446460630377
101.50446460630377 104.91867816867686
108.33289173104995 104.91867816867686
