# Core: kahle
# Chain: circle
# Phi: 0.7
# Layers: 20
# Precision: 15
# Bisection precision: 1E-100
# Final value of delta after bisection search: 0.014855468520554248272982346421910328017249264967845480093884981571406139658790378720018220346571114180954940723209559178934149362511221033809503695294876884293431031354584824775562869777539086362227250
# Distance precision: 1E-98
# Number of contacts: 644
# System length: 85.4616323030122
46.46286695907497 46.46286695907497
38.998765343937215 46.46286695907497
46.46286695907497 38.998765343937215
38.998765343937215 38.998765343937215
36.998945792668245 46.436001323732455
36.998945792668245 39.02563097927973
48.46268651034394 39.02563097927973
48.46268651034394 46.436001323732455
46.436001323732455 36.998945792668245
39.02563097927973 48.46268651034394
39.02563097927973 36.998945792668245
46.436001323732455 48.46268651034394
34.9991077469036 46.4105495907416
34.9991077469036 39.051082712270585
50.46252455610859 39.051082712270585
50.46252455610859 46.4105495907416
46.4105495907416 34.9991077469036
39.051082712270585 50.46252455610859
39.051082712270585 34.9991077469036
46.4105495907416 50.46252455610859
32.99925220629327 46.38651177282485
32.99925220629327 39.07512053018734
52.46238009671892 39.07512053018734
52.46238009671892 46.38651177282485
46.38651177282485 32.99925220629327
39.07512053018734 52.46238009671892
39.07512053018734 32.99925220629327
46.38651177282485 52.46238009671892
30.99938017049602 46.363887881997876
30.99938017049602 39.09774442101431
54.46225213251617 39.09774442101431
54.46225213251617 46.363887881997876
46.363887881997876 30.99938017049602
39.09774442101431 54.46225213251617
39.09774442101431 30.99938017049602
46.363887881997876 54.46225213251617
28.999492639178825 46.34267792956958
28.999492639178825 39.118954373442605
56.46213966383336 39.118954373442605
56.46213966383336 46.34267792956958
46.34267792956958 28.999492639178825
39.118954373442605 56.46213966383336
39.118954373442605 28.999492639178825
46.34267792956958 56.46213966383336
26.99959061201642 46.322881926142095
26.99959061201642 39.1387503768701
58.46204169099577 39.1387503768701
58.46204169099577 46.322881926142095
46.322881926142095 26.99959061201642
39.1387503768701 58.46204169099577
39.1387503768701 26.99959061201642
46.322881926142095 58.46204169099577
24.999675088690786 46.304499881610745
24.999675088690786 39.15713242140145
60.4619572143214 39.15713242140145
60.4619572143214 46.304499881610745
46.304499881610745 24.999675088690786
39.15713242140145 60.4619572143214
39.15713242140145 24.999675088690786
46.304499881610745 60.4619572143214
22.999747068890645 46.287531805164086
22.999747068890645 39.1741004978481
62.46188523412154 39.1741004978481
62.46188523412154 46.287531805164086
46.287531805164086 22.999747068890645
39.1741004978481 62.46188523412154
39.1741004978481 22.999747068890645
46.287531805164086 62.46188523412154
20.99980755231098 46.271977705283874
20.99980755231098 39.189654597728314
64.46182475070121 39.189654597728314
64.46182475070121 46.271977705283874
46.271977705283874 20.99980755231098
39.189654597728314 64.46182475070121
39.189654597728314 20.99980755231098
46.271977705283874 64.46182475070121
18.9998575386525 46.257837589745066
18.9998575386525 39.20379471326712
66.46177476435969 39.20379471326712
66.46177476435969 46.257837589745066
46.257837589745066 18.9998575386525
39.20379471326712 66.46177476435969
39.20379471326712 18.9998575386525
46.257837589745066 66.46177476435969
16.999898027621178 46.245111465615814
16.999898027621178 39.216520837396374
68.46173427539101 39.216520837396374
68.46173427539101 46.245111465615814
46.245111465615814 16.999898027621178
39.216520837396374 68.46173427539101
39.216520837396374 16.999898027621178
46.245111465615814 68.46173427539101
14.999930018927724 46.23379933925748
14.999930018927724 39.22783296375471
70.46170228408447 39.22783296375471
70.46170228408447 46.23379933925748
46.23379933925748 14.999930018927724
39.22783296375471 70.46170228408447
39.22783296375471 14.999930018927724
46.23379933925748 70.46170228408447
12.999954512287104 46.22390121632459
12.999954512287104 39.237731086687596
72.46167779072509 39.237731086687596
72.46167779072509 46.22390121632459
46.22390121632459 12.999954512287104
39.237731086687596 72.46167779072509
39.237731086687596 12.999954512287104
46.22390121632459 72.46167779072509
10.999972507418027 46.215417101764885
10.999972507418027 39.2462152012473
74.46165979559416 39.2462152012473
74.46165979559416 46.215417101764885
46.215417101764885 10.999972507418027
39.2462152012473 74.46165979559416
39.2462152012473 10.999972507418027
46.215417101764885 74.46165979559416
8.999985004042449 46.20834699981928
8.999985004042449 39.25328530319291
76.46164729896974 39.25328530319291
76.46164729896974 46.20834699981928
46.20834699981928 8.999985004042449
39.25328530319291 76.46164729896974
39.25328530319291 8.999985004042449
46.20834699981928 76.46164729896974
6.999993001885077 46.202690914021865
6.999993001885077 39.25894138899032
78.46163930112711 39.25894138899032
78.46163930112711 46.202690914021865
46.202690914021865 6.999993001885077
39.25894138899032 78.46163930112711
39.25894138899032 6.999993001885077
46.202690914021865 78.46163930112711
4.999997500672867 46.198448847199934
4.999997500672867 39.26318345581225
80.46163480233932 39.26318345581225
80.46163480233932 46.198448847199934
46.198448847199934 4.999997500672867
39.26318345581225 80.46163480233932
39.26318345581225 4.999997500672867
46.198448847199934 80.46163480233932
2.9999995001345234 46.19562080147394
2.9999995001345234 39.266011501538244
82.46163280287766 39.266011501538244
82.46163280287766 46.19562080147394
46.19562080147394 2.9999995001345234
39.266011501538244 82.46163280287766
39.266011501538244 2.9999995001345234
46.19562080147394 82.46163280287766
1.0 46.19420677825754
1.0 39.26742552475465
84.4616323030122 39.26742552475465
84.4616323030122 46.19420677825754
46.19420677825754 1.0
39.26742552475465 84.4616323030122
39.26742552475465 1.0
46.19420677825754 84.4616323030122
38.998765343937215 44.46286695907497
38.998765343937215 40.998765343937215
46.46286695907497 40.998765343937215
46.46286695907497 44.46286695907497
44.46286695907497 38.998765343937215
40.998765343937215 46.46286695907497
40.998765343937215 38.998765343937215
44.46286695907497 46.46286695907497
36.9544220457783 44.43649697615957
36.9544220457783 41.02513532685262
48.507210257233886 41.02513532685262
48.507210257233886 44.43649697615957
44.43649697615957 36.9544220457783
41.02513532685262 48.507210257233886
41.02513532685262 36.9544220457783
44.43649697615957 48.507210257233886
34.83500048288823 44.417293760222755
34.83500048288823 41.04433854278944
50.626631820123954 41.04433854278944
50.626631820123954 44.417293760222755
44.417293760222755 34.83500048288823
41.04433854278944 50.626631820123954
41.04433854278944 34.83500048288823
44.417293760222755 50.626631820123954
32.67746639384993 44.41256803226126
32.67746639384993 41.04906427075093
52.784165909162255 41.04906427075093
52.784165909162255 44.41256803226126
44.41256803226126 32.67746639384993
41.04906427075093 52.784165909162255
41.04906427075093 32.67746639384993
44.41256803226126 52.784165909162255
30.525510556227516 44.42083677904844
30.525510556227516 41.040795523963745
54.93612174678467 41.040795523963745
54.93612174678467 44.42083677904844
44.42083677904844 30.525510556227516
41.040795523963745 54.93612174678467
41.040795523963745 30.525510556227516
44.42083677904844 54.93612174678467
28.405731766926095 44.432848610865506
28.405731766926095 41.02878369214668
57.05590053608609 41.02878369214668
57.05590053608609 44.432848610865506
44.432848610865506 28.405731766926095
41.02878369214668 57.05590053608609
41.02878369214668 28.405731766926095
44.432848610865506 57.05590053608609
26.319973690150455 44.4418926014745
26.319973690150455 41.01973970153769
59.14165861286173 41.01973970153769
59.14165861286173 44.4418926014745
44.4418926014745 26.319973690150455
41.01973970153769 59.14165861286173
41.01973970153769 26.319973690150455
44.4418926014745 59.14165861286173
24.257806079998268 44.44718182216546
24.257806079998268 41.014450480846726
61.20382622301392 41.014450480846726
61.20382622301392 44.44718182216546
44.44718182216546 24.257806079998268
41.014450480846726 61.20382622301392
41.014450480846726 24.257806079998268
44.44718182216546 61.20382622301392
22.209569389642304 44.4502459713272
22.209569389642304 41.011386331684996
63.25206291336988 41.011386331684996
63.25206291336988 44.4502459713272
44.4502459713272 22.209569389642304
41.011386331684996 63.25206291336988
41.011386331684996 22.209569389642304
44.4502459713272 63.25206291336988
20.16991440634422 44.45228614727812
20.16991440634422 41.009346155734065
65.29171789666798 41.009346155734065
65.29171789666798 44.45228614727812
44.45228614727812 20.16991440634422
41.009346155734065 65.29171789666798
41.009346155734065 20.16991440634422
44.45228614727812 65.29171789666798
18.13635433319341 44.45385249718973
18.13635433319341 41.00777980582246
67.32527796981879 41.00777980582246
67.32527796981879 44.45385249718973
44.45385249718973 18.13635433319341
41.00777980582246 67.32527796981879
41.00777980582246 18.13635433319341
44.45385249718973 67.32527796981879
16.107668851155456 44.455159763288826
16.107668851155456 41.00647253972337
69.35396345185673 41.00647253972337
69.35396345185673 44.455159763288826
44.455159763288826 16.107668851155456
41.00647253972337 69.35396345185673
41.00647253972337 16.107668851155456
44.455159763288826 69.35396345185673
14.083146159198057 44.45629902855732
14.083146159198057 41.00533327445487
71.37848614381413 41.00533327445487
71.37848614381413 44.45629902855732
44.45629902855732 14.083146159198057
41.00533327445487 71.37848614381413
41.00533327445487 14.083146159198057
44.45629902855732 71.37848614381413
12.062305935751736 44.457318315093744
12.062305935751736 41.004313987918444
73.39932636726046 41.004313987918444
73.39932636726046 44.457318315093744
44.457318315093744 12.062305935751736
41.004313987918444 73.39932636726046
41.004313987918444 12.062305935751736
44.457318315093744 73.39932636726046
10.044798636434003 44.4582481069925
10.044798636434003 41.00338419601969
75.41683366657819 41.00338419601969
75.41683366657819 44.4582481069925
44.4582481069925 10.044798636434003
41.00338419601969 75.41683366657819
41.00338419601969 10.044798636434003
44.4582481069925 75.41683366657819
8.030361548859563 44.459109921788055
8.030361548859563 41.00252238122413
77.43127075415262 41.00252238122413
77.43127075415262 44.459109921788055
44.459109921788055 8.030361548859563
41.00252238122413 77.43127075415262
41.00252238122413 8.030361548859563
44.459109921788055 77.43127075415262
6.018795104201869 44.459919934925054
6.018795104201869 41.001712368087134
79.44283719881032 41.001712368087134
79.44283719881032 44.459919934925054
44.459919934925054 6.018795104201869
41.001712368087134 79.44283719881032
41.001712368087134 6.018795104201869
44.459919934925054 79.44283719881032
4.009948366368492 44.4606908917691
4.009948366368492 41.00094141124309
81.4516839366437 41.00094141124309
81.4516839366437 44.4606908917691
44.4606908917691 4.009948366368492
41.00094141124309 81.4516839366437
41.00094141124309 4.009948366368492
44.4606908917691 81.4516839366437
2.003709600248961 44.46143325815978
2.003709600248961 41.00019904485241
83.45792270276323 41.00019904485241
83.45792270276323 44.46143325815978
44.46143325815978 2.003709600248961
41.00019904485241 83.45792270276323
41.00019904485241 2.003709600248961
44.46143325815978 83.45792270276323
85.4616323030122 44.46215597068866
85.4616323030122 40.999476332323525
44.46215597068866 85.4616323030122
40.999476332323525 85.4616323030122
47.46286695907497 42.7308161515061
37.998765343937215 42.7308161515061
42.7308161515061 37.998765343937215
42.7308161515061 47.46286695907497
49.5515535553928 42.7308161515061
35.91007874761939 42.7308161515061
42.7308161515061 35.91007874761939
42.7308161515061 49.5515535553928
51.70171008485511 42.7308161515061
33.75992221815708 42.7308161515061
42.7308161515061 33.75992221815708
42.7308161515061 51.70171008485511
53.8666217334694 42.7308161515061
31.59501056954279 42.7308161515061
42.7308161515061 31.59501056954279
42.7308161515061 53.8666217334694
56.00562176009995 42.7308161515061
29.456010542912242 42.7308161515061
42.7308161515061 29.456010542912242
42.7308161515061 56.00562176009995
58.106179312072236 42.7308161515061
27.355452990939952 42.7308161515061
42.7308161515061 27.355452990939952
42.7308161515061 58.106179312072236
60.17713791365123 42.7308161515061
25.284494389360958 42.7308161515061
42.7308161515061 25.284494389360958
42.7308161515061 60.17713791365123
62.23051453237661 42.7308161515061
23.231117770635578 42.7308161515061
42.7308161515061 23.231117770635578
42.7308161515061 62.23051453237661
64.27361129436315 42.7308161515061
21.188021008649034 42.7308161515061
42.7308161515061 21.188021008649034
42.7308161515061 64.27361129436315
66.30982449897279 42.7308161515061
19.151807804039404 42.7308161515061
42.7308161515061 19.151807804039404
42.7308161515061 66.30982449897279
68.34073144066478 42.7308161515061
17.120900862347412 42.7308161515061
42.7308161515061 17.120900862347412
42.7308161515061 68.34073144066478
70.36719546304869 42.7308161515061
15.094436839963501 42.7308161515061
42.7308161515061 15.094436839963501
42.7308161515061 70.36719546304869
72.38977682457957 42.7308161515061
13.071855478432612 42.7308161515061
42.7308161515061 13.071855478432612
42.7308161515061 72.38977682457957
74.40887590994133 42.7308161515061
11.052756393070862 42.7308161515061
42.7308161515061 11.052756393070862
42.7308161515061 74.40887590994133
76.42479142321504 42.7308161515061
9.036840879797143 42.7308161515061
42.7308161515061 9.036840879797143
42.7308161515061 76.42479142321504
78.4377500850902 42.7308161515061
7.023882217921984 42.7308161515061
42.7308161515061 7.023882217921984
42.7308161515061 78.4377500850902
80.44792431253043 42.7308161515061
5.013707990481755 42.7308161515061
42.7308161515061 5.013707990481755
42.7308161515061 80.44792431253043
82.45544356075696 42.7308161515061
3.0061887422552283 42.7308161515061
42.7308161515061 3.0061887422552283
42.7308161515061 82.45544356075696
84.46040184476949 42.7308161515061
1.0012304582426934 42.7308161515061
42.7308161515061 1.0012304582426934
42.7308161515061 84.46040184476949
43.7308161515061 43.7308161515061
43.7308161515061 41.7308161515061
41.7308161515061 41.7308161515061
41.7308161515061 43.7308161515061
42.7308161515061 45.46286695907497
42.7308161515061 39.998765343937215
39.998765343937215 42.7308161515061
45.46286695907497 42.7308161515061
