# Core: boro
# Chain: geometric
# Phi: 0.7
# Layers: 10
# Precision: 15
# Bisection precision: 1E-100
# Final value of delta after bisection search: 0.013838174324008616737823283446113034714712097508593489964988964736045978687721284990320724219500202941670238337048047789553111784557889463009516720031583889239640369722436216141466381546549018834332267
# Distance precision: 1E-98
# Number of contacts: 340
# System length: 49.83669612645661
18.99650153067344 28.65039887079718
18.99650153067344 21.186297255659426
30.840194595783167 21.186297255659426
30.840194595783167 28.65039887079718
28.65039887079718 18.99650153067344
21.186297255659426 30.840194595783167
21.186297255659426 18.99650153067344
28.65039887079718 30.840194595783167
16.998288922066852 28.56586266077064
16.998288922066852 21.270833465685964
32.83840720438975 21.270833465685964
32.83840720438975 28.56586266077064
28.56586266077064 16.998288922066852
21.270833465685964 32.83840720438975
21.270833465685964 16.998288922066852
28.56586266077064 32.83840720438975
14.99916454416906 28.506687313752064
14.99916454416906 21.33000881270454
34.837531582287546 21.33000881270454
34.837531582287546 28.506687313752064
28.506687313752064 14.99916454416906
21.33000881270454 34.837531582287546
21.33000881270454 14.99916454416906
28.506687313752064 34.837531582287546
12.999593551088404 28.46526457083906
12.999593551088404 21.371431555617548
36.837102575368206 21.371431555617548
36.837102575368206 28.46526457083906
28.46526457083906 12.999593551088404
21.371431555617548 36.837102575368206
21.371431555617548 12.999593551088404
28.46526457083906 36.837102575368206
10.999803752979341 28.436268650799956
10.999803752979341 21.40042747565665
38.83689237347727 21.40042747565665
38.83689237347727 28.436268650799956
28.436268650799956 10.999803752979341
21.40042747565665 38.83689237347727
21.40042747565665 10.999803752979341
28.436268650799956 38.83689237347727
8.99990674914531 28.415971506772586
8.99990674914531 21.420724619684023
40.8367893773113 21.420724619684023
40.8367893773113 28.415971506772586
28.415971506772586 8.99990674914531
21.420724619684023 40.8367893773113
21.420724619684023 8.99990674914531
28.415971506772586 40.8367893773113
6.999957216603871 28.401763505953422
6.999957216603871 21.434932620503183
42.836738909852734 21.434932620503183
42.836738909852734 28.401763505953422
28.401763505953422 6.999957216603871
21.434932620503183 42.836738909852734
21.434932620503183 6.999957216603871
28.401763505953422 42.836738909852734
4.999981945499441 28.391817905380012
4.999981945499441 21.444878221076596
44.836714180957166 21.444878221076596
44.836714180957166 28.391817905380012
28.391817905380012 4.999981945499441
21.444878221076596 44.836714180957166
21.444878221076596 4.999981945499441
28.391817905380012 44.836714180957166
2.9999940626200665 28.38485598497862
2.9999940626200665 21.451840141477984
46.83670206383654 21.451840141477984
46.83670206383654 28.38485598497862
28.38485598497862 2.9999940626200665
21.451840141477984 46.83670206383654
21.451840141477984 2.9999940626200665
28.38485598497862 46.83670206383654
1.0 28.37998264069765
1.0 21.456713485758957
48.83669612645661 21.456713485758957
48.83669612645661 28.37998264069765
28.37998264069765 1.0
21.456713485758957 48.83669612645661
21.456713485758957 1.0
28.37998264069765 48.83669612645661
18.99650153067344 26.65039887079718
18.99650153067344 23.186297255659426
30.840194595783167 23.186297255659426
30.840194595783167 26.65039887079718
26.65039887079718 18.99650153067344
23.186297255659426 30.840194595783167
23.186297255659426 18.99650153067344
26.65039887079718 30.840194595783167
16.868743096388176 26.57006260088257
16.868743096388176 23.266633525574036
32.96795303006843 23.266633525574036
32.96795303006843 26.57006260088257
26.57006260088257 16.868743096388176
23.266633525574036 32.96795303006843
23.266633525574036 16.868743096388176
26.57006260088257 32.96795303006843
14.584573815024417 26.55013050974475
14.584573815024417 23.286565616711858
35.25212231143219 23.286565616711858
35.25212231143219 26.55013050974475
26.55013050974475 14.584573815024417
23.286565616711858 35.25212231143219
23.286565616711858 14.584573815024417
26.55013050974475 35.25212231143219
12.320968512175673 26.583917166301372
12.320968512175673 23.252778960155236
37.515727614280934 23.252778960155236
37.515727614280934 26.583917166301372
26.583917166301372 12.320968512175673
23.252778960155236 37.515727614280934
23.252778960155236 12.320968512175673
26.583917166301372 37.515727614280934
10.162693834309971 26.619885710981
10.162693834309971 23.21681041547561
39.67400229214663 23.21681041547561
39.67400229214663 26.619885710981
26.619885710981 10.162693834309971
23.21681041547561 39.67400229214663
23.21681041547561 10.162693834309971
26.619885710981 39.67400229214663
8.087472210517499 26.63623466872066
8.087472210517499 23.200461457735944
41.74922391593911 23.200461457735944
41.74922391593911 26.63623466872066
26.63623466872066 8.087472210517499
23.200461457735944 41.74922391593911
23.200461457735944 8.087472210517499
26.63623466872066 41.74922391593911
6.049233345968512 26.642182839486516
6.049233345968512 23.19451328697009
43.78746278048809 23.19451328697009
43.78746278048809 26.642182839486516
26.642182839486516 6.049233345968512
23.19451328697009 43.78746278048809
23.19451328697009 6.049233345968512
26.642182839486516 43.78746278048809
4.025922820872205 26.645046935352624
4.025922820872205 23.191649191103984
45.8107733055844 23.191649191103984
45.8107733055844 26.645046935352624
26.645046935352624 4.025922820872205
23.191649191103984 45.8107733055844
23.191649191103984 4.025922820872205
26.645046935352624 45.8107733055844
2.0104853361916435 26.646790255403932
2.0104853361916435 23.189905871052673
47.826210790264966 23.189905871052673
47.826210790264966 26.646790255403932
26.646790255403932 2.0104853361916435
23.189905871052673 47.826210790264966
23.189905871052673 2.0104853361916435
26.646790255403932 47.826210790264966
49.83669612645661 26.647931833128773
49.83669612645661 23.188764293327832
26.647931833128773 49.83669612645661
23.188764293327832 49.83669612645661
31.840194595783167 24.918348063228304
17.99650153067344 24.918348063228304
24.918348063228304 17.99650153067344
24.918348063228304 31.840194595783167
34.0957114643537 24.918348063228304
15.74098466210291 24.918348063228304
24.918348063228304 15.74098466210291
24.918348063228304 34.0957114643537
36.408533158510686 24.918348063228304
13.428162967945923 24.918348063228304
24.918348063228304 13.428162967945923
24.918348063228304 36.408533158510686
38.62292207005118 24.918348063228304
11.213774056405425 24.918348063228304
24.918348063228304 11.213774056405425
24.918348063228304 38.62292207005118
40.72508251424209 24.918348063228304
9.11161361221452 24.918348063228304
24.918348063228304 9.11161361221452
24.918348063228304 40.72508251424209
42.77336531763613 24.918348063228304
7.063330808820477 24.918348063228304
24.918348063228304 7.063330808820477
24.918348063228304 42.77336531763613
44.801560243340056 24.918348063228304
5.035135883116547 24.918348063228304
24.918348063228304 5.035135883116547
24.918348063228304 44.801560243340056
46.81998636782874 24.918348063228304
3.0167097586278637 24.918348063228304
24.918348063228304 3.0167097586278637
24.918348063228304 46.81998636782874
48.832435212701185 24.918348063228304
1.0042609137554233 24.918348063228304
24.918348063228304 1.0042609137554233
24.918348063228304 48.832435212701185
28.85019971580644 26.85019971580644
20.986496410650165 26.85019971580644
28.85019971580644 22.986496410650165
20.986496410650165 22.986496410650165
26.85019971580644 28.85019971580644
22.986496410650165 28.85019971580644
26.85019971580644 20.986496410650165
22.986496410650165 20.986496410650165
28.85019971580644 28.85019971580644
28.85019971580644 20.986496410650165
20.986496410650165 20.986496410650165
20.986496410650165 28.85019971580644
24.918348063228304 26.332561625601397
24.918348063228304 23.50413450085521
23.50413450085521 24.918348063228304
26.332561625601397 24.918348063228304
24.918348063228304 28.332561625601397
24.918348063228304 21.50413450085521
21.50413450085521 24.918348063228304
28.332561625601397 24.918348063228304
