# Core: boro
# Chain: circle
# Phi: 0.7
# Layers: 5
# Precision: 15
# Bisection precision: 1E-100
# Final value of delta after bisection search: 0.09400494536829833980808139733787194184742870023701594132328886810552505577597936766520386003035777275355819802177250231979418593336710851109720996795012132159821458547599724723509069296020184736699943
# Distance precision: 1E-98
# Number of contacts: 180
# System length: 29.831118401076154
8.993712667983214 18.647610008106955
8.993712667983214 11.183508392969198
20.83740573309294 11.183508392969198
20.83740573309294 18.647610008106955
18.647610008106955 8.993712667983214
11.183508392969198 20.83740573309294
11.183508392969198 8.993712667983214
18.647610008106955 20.83740573309294
6.9970656656943175 18.531848407173115
6.9970656656943175 11.299269993903037
22.834052735381835 11.299269993903037
22.834052735381835 18.531848407173115
18.531848407173115 6.9970656656943175
11.299269993903037 22.834052735381835
11.299269993903037 6.9970656656943175
18.531848407173115 22.834052735381835
4.998951957556442 18.445005967366832
4.998951957556442 11.386112433709322
24.83216644351971 11.386112433709322
24.83216644351971 18.445005967366832
18.445005967366832 4.998951957556442
11.386112433709322 24.83216644351971
11.386112433709322 4.998951957556442
18.445005967366832 24.83216644351971
2.9997903827234076 18.387100892363822
2.9997903827234076 11.44401750871233
26.831328018352746 11.44401750871233
26.831328018352746 18.387100892363822
18.387100892363822 2.9997903827234076
11.44401750871233 26.831328018352746
11.44401750871233 2.9997903827234076
18.387100892363822 26.831328018352746
1.0 18.358145320068218
1.0 11.472973081007938
28.831118401076154 11.472973081007938
28.831118401076154 18.358145320068218
18.358145320068218 1.0
11.472973081007938 28.831118401076154
11.472973081007938 1.0
18.358145320068218 28.831118401076154
8.993712667983214 16.647610008106955
8.993712667983214 13.183508392969198
20.83740573309294 13.183508392969198
20.83740573309294 16.647610008106955
16.647610008106955 8.993712667983214
13.183508392969198 20.83740573309294
13.183508392969198 8.993712667983214
16.647610008106955 20.83740573309294
6.825881393569079 16.539187887923298
6.825881393569079 13.291930513152854
23.005237007507073 13.291930513152854
23.005237007507073 16.539187887923298
16.539187887923298 6.825881393569079
13.291930513152854 23.005237007507073
13.291930513152854 6.825881393569079
16.539187887923298 23.005237007507073
4.461921165906824 16.51845518194222
4.461921165906824 13.312663219133933
25.36919723516933 13.312663219133933
25.36919723516933 16.51845518194222
16.51845518194222 4.461921165906824
13.312663219133933 25.36919723516933
13.312663219133933 4.461921165906824
16.51845518194222 25.36919723516933
2.151082594606879 16.57610804577653
2.151082594606879 13.255010355299623
27.680035806469274 13.255010355299623
27.680035806469274 16.57610804577653
16.57610804577653 2.151082594606879
13.255010355299623 27.680035806469274
13.255010355299623 2.151082594606879
16.57610804577653 27.680035806469274
29.831118401076154 16.62609451249934
29.831118401076154 13.205023888576815
16.62609451249934 29.831118401076154
13.205023888576815 29.831118401076154
21.83740573309294 14.915559200538077
7.993712667983213 14.915559200538077
14.915559200538077 7.993712667983213
14.915559200538077 21.83740573309294
24.173068281921207 14.915559200538077
5.658050119154945 14.915559200538077
14.915559200538077 5.658050119154945
14.915559200538077 24.173068281921207
26.56532618841745 14.915559200538077
3.2657922126587016 14.915559200538077
14.915559200538077 3.2657922126587016
14.915559200538077 26.56532618841745
28.794745424521096 14.915559200538077
1.0363729765550564 14.915559200538077
14.915559200538077 1.0363729765550564
14.915559200538077 28.794745424521096
18.847410853116212 16.847410853116212
10.98370754795994 16.847410853116212
18.847410853116212 12.98370754795994
10.98370754795994 12.98370754795994
16.847410853116212 18.847410853116212
12.98370754795994 18.847410853116212
16.847410853116212 10.98370754795994
12.98370754795994 10.98370754795994
18.847410853116212 18.847410853116212
18.847410853116212 10.98370754795994
10.98370754795994 10.98370754795994
10.98370754795994 18.847410853116212
14.915559200538077 16.329772762911173
14.915559200538077 13.501345638164981
13.501345638164981 14.915559200538077
16.329772762911173 14.915559200538077
14.915559200538077 18.329772762911173
14.915559200538077 11.501345638164981
11.501345638164981 14.915559200538077
18.329772762911173 14.915559200538077
