# Core: kahle
# Chain: geometric
# Phi: 0.7
# Layers: 20
# Precision: 15
# Bisection precision: 1E-100
# Final value of delta after bisection search: 0.00037141734405387510877267605916074844854623363073309073153140681669053142836315093037000451153964974139053457110284435076025805215779072272834982252079936549154579070425307288812571892400504768598475922
# Distance precision: 1E-98
# Number of contacts: 644
# System length: 85.45774731178366
46.46092446346071 46.46092446346071
38.99682284832295 46.46092446346071
46.46092446346071 38.99682284832295
38.99682284832295 38.99682284832295
36.9984434137477 46.38042828052815
36.9984434137477 39.077319031255506
48.459303898035955 39.077319031255506
48.459303898035955 46.38042828052815
46.38042828052815 36.9984434137477
39.077319031255506 48.459303898035955
39.077319031255506 36.9984434137477
46.38042828052815 48.459303898035955
34.99923732666681 46.32408095247536
34.99923732666681 39.13366635930829
50.45850998511685 39.13366635930829
50.45850998511685 46.32408095247536
46.32408095247536 34.99923732666681
39.13366635930829 50.45850998511685
39.13366635930829 34.99923732666681
46.32408095247536 50.45850998511685
32.99962630461165 46.28463782283841
32.99962630461165 39.173109488945244
52.458121007172004 39.173109488945244
52.458121007172004 46.28463782283841
46.28463782283841 32.99962630461165
39.173109488945244 52.458121007172004
39.173109488945244 32.99962630461165
46.28463782283841 52.458121007172004
30.999816894351024 46.25702763209255
30.999816894351024 39.200719679691105
54.457930417432635 39.200719679691105
54.457930417432635 46.25702763209255
46.25702763209255 30.999816894351024
39.200719679691105 54.457930417432635
39.200719679691105 30.999816894351024
46.25702763209255 54.457930417432635
28.999910281053836 46.23770049857044
28.999910281053836 39.220046813213216
56.45783703072982 39.220046813213216
56.45783703072982 46.23770049857044
46.23770049857044 28.999910281053836
39.220046813213216 56.45783703072982
39.220046813213216 28.999910281053836
46.23770049857044 56.45783703072982
26.999956039993354 46.22417150510497
26.999956039993354 39.23357580667869
58.4577912717903 39.23357580667869
58.4577912717903 46.22417150510497
46.22417150510497 26.999956039993354
39.23357580667869 58.4577912717903
39.23357580667869 26.999956039993354
46.22417150510497 58.4577912717903
24.999978461742902 46.214701209679134
24.999978461742902 39.24304610210452
60.45776885004076 39.24304610210452
60.45776885004076 46.214701209679134
46.214701209679134 24.999978461742902
39.24304610210452 60.45776885004076
39.24304610210452 24.999978461742902
46.214701209679134 60.45776885004076
22.999989448368773 46.20807200288105
22.999989448368773 39.2496753089026
62.457757863414884 39.2496753089026
62.457757863414884 46.20807200288105
46.20807200288105 22.999989448368773
39.2496753089026 62.457757863414884
39.2496753089026 22.999989448368773
46.20807200288105 62.457757863414884
20.999994831807907 46.203431558122396
20.999994831807907 39.25431575366126
64.45775247997575 39.25431575366126
64.45775247997575 46.203431558122396
46.203431558122396 20.999994831807907
39.25431575366126 64.45775247997575
39.25431575366126 20.999994831807907
46.203431558122396 64.45775247997575
18.999997469691273 46.20018324679133
18.999997469691273 39.25756406499232
66.45774984209238 39.25756406499232
66.45774984209238 46.20018324679133
46.20018324679133 18.999997469691273
39.25756406499232 66.45774984209238
39.25756406499232 18.999997469691273
46.20018324679133 66.45774984209238
16.999998762253686 46.197909428859596
16.999998762253686 39.25983788292406
68.45774854952997 39.25983788292406
68.45774854952997 46.197909428859596
46.197909428859596 16.999998762253686
39.25983788292406 68.45774854952997
39.25983788292406 16.999998762253686
46.197909428859596 68.45774854952997
14.999999395609164 46.19631775630737
14.999999395609164 39.26142955547628
70.4577479161745 39.26142955547628
70.4577479161745 46.19631775630737
46.19631775630737 14.999999395609164
39.26142955547628 70.4577479161745
39.26142955547628 14.999999395609164
46.19631775630737 70.4577479161745
12.999999705953325 46.19520358552082
12.999999705953325 39.262543726262834
72.45774760583033 39.262543726262834
72.45774760583033 46.19520358552082
46.19520358552082 12.999999705953325
39.262543726262834 72.45774760583033
39.262543726262834 12.999999705953325
46.19520358552082 72.45774760583033
10.999999858021956 46.194423665970234
10.999999858021956 39.26332364581342
74.4577474537617 39.26332364581342
74.4577474537617 46.194423665970234
46.194423665970234 10.999999858021956
39.26332364581342 74.4577474537617
39.26332364581342 10.999999858021956
46.194423665970234 74.4577474537617
8.999999932535584 46.193877722284824
8.999999932535584 39.26386958949883
76.45774737924808 39.26386958949883
76.45774737924808 46.193877722284824
46.193877722284824 8.999999932535584
39.26386958949883 76.45774737924808
39.26386958949883 8.999999932535584
46.193877722284824 76.45774737924808
6.999999969047262 46.193495561705035
6.999999969047262 39.26425175007862
78.4577473427364 39.26425175007862
78.4577473427364 46.193495561705035
46.193495561705035 6.999999969047262
39.26425175007862 78.4577473427364
39.26425175007862 6.999999969047262
46.193495561705035 78.4577473427364
4.999999986937984 46.19322804929918
4.999999986937984 39.26451926248448
80.45774732484567 39.26451926248448
80.45774732484567 46.19322804929918
46.19322804929918 4.999999986937984
39.26451926248448 80.45774732484567
39.26451926248448 4.999999986937984
46.19322804929918 80.45774732484567
2.999999995704438 46.193040790615086
2.999999995704438 39.26470652116857
82.45774731607922 39.26470652116857
82.45774731607922 46.193040790615086
46.193040790615086 2.999999995704438
39.26470652116857 82.45774731607922
39.26470652116857 2.999999995704438
46.193040790615086 82.45774731607922
1.0 46.19290970953622
1.0 39.26483760224744
84.45774731178366 39.26483760224744
84.45774731178366 46.19290970953622
46.19290970953622 1.0
39.26483760224744 84.45774731178366
39.26483760224744 1.0
46.19290970953622 84.45774731178366
38.99682284832295 44.46092446346071
38.99682284832295 40.99682284832295
46.46092446346071 40.99682284832295
46.46092446346071 44.46092446346071
44.46092446346071 38.99682284832295
40.99682284832295 46.46092446346071
40.99682284832295 38.99682284832295
44.46092446346071 46.46092446346071
36.8744811452357 44.38427363822577
36.8744811452357 41.073473673557885
48.58326616654796 41.073473673557885
48.58326616654796 44.38427363822577
44.38427363822577 36.8744811452357
41.073473673557885 48.58326616654796
41.073473673557885 36.8744811452357
44.38427363822577 48.58326616654796
34.60072565032347 44.36418594410935
34.60072565032347 41.093561367674305
50.85702166146019 41.093561367674305
50.85702166146019 44.36418594410935
44.36418594410935 34.60072565032347
41.093561367674305 50.85702166146019
41.093561367674305 34.60072565032347
44.36418594410935 50.85702166146019
32.34346559020231 44.39533818623605
32.34346559020231 41.0624091255476
53.11428172158135 41.0624091255476
53.11428172158135 44.39533818623605
44.39533818623605 32.34346559020231
41.0624091255476 53.11428172158135
41.0624091255476 32.34346559020231
44.39533818623605 53.11428172158135
30.18601087701701 44.43008489457969
30.18601087701701 41.02766241720396
55.271736434766645 41.02766241720396
55.271736434766645 44.43008489457969
44.43008489457969 30.18601087701701
41.02766241720396 55.271736434766645
41.02766241720396 30.18601087701701
44.43008489457969 55.271736434766645
28.109991002120644 44.446599251576565
28.109991002120644 41.01114806020709
57.34775630966301 41.01114806020709
57.34775630966301 44.446599251576565
44.446599251576565 28.109991002120644
41.01114806020709 57.34775630966301
41.01114806020709 28.109991002120644
44.446599251576565 57.34775630966301
26.071518966899788 44.45273011422989
26.071518966899788 41.00501719755377
59.38622834488387 41.00501719755377
59.38622834488387 44.45273011422989
44.45273011422989 26.071518966899788
41.00501719755377 59.38622834488387
41.00501719755377 26.071518966899788
44.45273011422989 59.38622834488387
24.04832857373493 44.455621197100285
24.04832857373493 41.00212611468337
61.40941873804873 41.00212611468337
61.40941873804873 44.455621197100285
44.455621197100285 24.04832857373493
41.00212611468337 61.40941873804873
41.00212611468337 24.04832857373493
44.455621197100285 61.40941873804873
22.033041148244617 44.457354725623816
22.033041148244617 41.00039258615984
63.42470616353904 41.00039258615984
63.42470616353904 44.457354725623816
44.457354725623816 22.033041148244617
41.00039258615984 63.42470616353904
41.00039258615984 22.033041148244617
44.457354725623816 63.42470616353904
20.022670626969024 44.45848531292284
20.022670626969024 40.999261998860824
65.43507668481463 40.999261998860824
65.43507668481463 44.45848531292284
44.45848531292284 20.022670626969024
40.999261998860824 65.43507668481463
40.999261998860824 20.022670626969024
44.45848531292284 65.43507668481463
18.015552955691156 44.45924413273391
18.015552955691156 40.99850317904975
67.4421943560925 40.99850317904975
67.4421943560925 44.45924413273391
44.45924413273391 18.015552955691156
40.99850317904975 67.4421943560925
40.99850317904975 18.015552955691156
44.45924413273391 67.4421943560925
16.010635503053383 44.45976089051641
16.010635503053383 40.99798642126725
69.44711180873027 40.99798642126725
69.44711180873027 44.45976089051641
44.45976089051641 16.010635503053383
40.99798642126725 69.44711180873027
40.99798642126725 16.010635503053383
44.45976089051641 69.44711180873027
14.007223802339995 44.460115976153624
14.007223802339995 40.99763133563003
71.45052350944366 40.99763133563003
71.45052350944366 44.460115976153624
44.460115976153624 14.007223802339995
40.99763133563003 71.45052350944366
40.99763133563003 14.007223802339995
44.460115976153624 71.45052350944366
12.004850159679524 44.46036140810207
12.004850159679524 40.99738590368159
73.45289715210413 40.99738590368159
73.45289715210413 44.46036140810207
44.46036140810207 12.004850159679524
40.99738590368159 73.45289715210413
40.99738590368159 12.004850159679524
44.46036140810207 73.45289715210413
10.003195606937645 44.460531718638954
10.003195606937645 40.9972155931447
75.45455170484601 40.9972155931447
75.45455170484601 44.460531718638954
44.460531718638954 10.003195606937645
40.9972155931447 75.45455170484601
40.9972155931447 10.003195606937645
44.460531718638954 75.45455170484601
8.002040805218678 44.46065021840517
8.002040805218678 40.997097093378486
77.45570650656498 40.997097093378486
77.45570650656498 44.46065021840517
44.46065021840517 8.002040805218678
40.997097093378486 77.45570650656498
40.997097093378486 8.002040805218678
44.46065021840517 77.45570650656498
6.001234088254312 44.4607328210611
6.001234088254312 40.997014490722556
79.45651322352934 40.997014490722556
79.45651322352934 44.4607328210611
44.4607328210611 6.001234088254312
40.997014490722556 79.45651322352934
40.997014490722556 6.001234088254312
44.4607328210611 79.45651322352934
4.0006701871655475 44.46079047429488
4.0006701871655475 40.996956837488774
81.45707712461811 40.996956837488774
81.45707712461811 44.46079047429488
44.46079047429488 4.0006701871655475
40.996956837488774 81.45707712461811
40.996956837488774 4.0006701871655475
44.46079047429488 81.45707712461811
2.0002758471312116 44.46083074943661
2.0002758471312116 40.996916562347046
83.45747146465244 40.996916562347046
83.45747146465244 44.46083074943661
44.46083074943661 2.0002758471312116
40.996916562347046 83.45747146465244
40.996916562347046 2.0002758471312116
44.46083074943661 83.45747146465244
85.45774731178366 44.46085890196734
85.45774731178366 40.996888409816314
44.46085890196734 85.45774731178366
40.996888409816314 85.45774731178366
47.46092446346071 42.72887365589183
37.99682284832295 42.72887365589183
42.72887365589183 37.99682284832295
42.72887365589183 47.46092446346071
49.70560786963521 42.72887365589183
35.75213944214845 42.72887365589183
42.72887365589183 35.75213944214845
42.72887365589183 49.70560786963521
52.008435453285166 42.72887365589183
33.44931185849849 42.72887365589183
42.72887365589183 33.44931185849849
42.72887365589183 52.008435453285166
54.22012798987753 42.72887365589183
31.23761932190612 42.72887365589183
42.72887365589183 31.23761932190612
42.72887365589183 54.22012798987753
56.32334487965575 42.72887365589183
29.134402432127903 42.72887365589183
42.72887365589183 29.134402432127903
42.72887365589183 56.32334487965575
58.372167739670274 42.72887365589183
27.085579572113385 42.72887365589183
42.72887365589183 27.085579572113385
42.72887365589183 58.372167739670274
60.40028895009747 42.72887365589183
25.057458361686187 42.72887365589183
42.72887365589183 25.057458361686187
42.72887365589183 60.40028895009747
62.41854852599998 42.72887365589183
23.03919878578367 42.72887365589183
42.72887365589183 23.03919878578367
42.72887365589183 62.41854852599998
64.43086380107809 42.72887365589183
21.026883510705563 42.72887365589183
42.72887365589183 21.026883510705563
42.72887365589183 64.43086380107809
66.43928956855117 42.72887365589183
19.018457743232485 42.72887365589183
42.72887365589183 19.018457743232485
42.72887365589183 66.43928956855117
68.44509914363384 42.72887365589183
17.012648168149823 42.72887365589183
42.72887365589183 17.012648168149823
42.72887365589183 68.44509914363384
70.44912447382671 42.72887365589183
15.00862283795694 42.72887365589183
42.72887365589183 15.00862283795694
42.72887365589183 70.44912447382671
72.45192254506061 42.72887365589183
13.005824766723048 42.72887365589183
42.72887365589183 13.005824766723048
42.72887365589183 72.45192254506061
74.45387175914766 42.72887365589183
11.003875552635998 42.72887365589183
42.72887365589183 11.003875552635998
42.72887365589183 74.45387175914766
76.45523165054436 42.72887365589183
9.002515661239292 42.72887365589183
42.72887365589183 9.002515661239292
42.72887365589183 76.45523165054436
78.4561813625856 42.72887365589183
7.001565949198067 42.72887365589183
42.72887365589183 7.001565949198067
42.72887365589183 78.4561813625856
80.4568450844731 42.72887365589183
5.000902227310556 42.72887365589183
42.72887365589183 5.000902227310556
42.72887365589183 80.4568450844731
82.45730916476312 42.72887365589183
3.0004381470205397 42.72887365589183
42.72887365589183 3.0004381470205397
42.72887365589183 82.45730916476312
84.45763376454177 42.72887365589183
1.0001135472418832 42.72887365589183
42.72887365589183 1.0001135472418832
42.72887365589183 84.45763376454177
43.72887365589183 43.72887365589183
43.72887365589183 41.72887365589183
41.72887365589183 41.72887365589183
41.72887365589183 43.72887365589183
42.72887365589183 45.46092446346071
42.72887365589183 39.99682284832295
39.99682284832295 42.72887365589183
45.46092446346071 42.72887365589183
