# Core: boro
# Chain: circle
# Phi: 0.7
# Layers: 20
# Precision: 15
# Bisection precision: 1E-100
# Final value of delta after bisection search: 0.014855468520554248272982346421910328017249264967845480093884981571406139658790378720018220346571114180954940723209559178934149362511221033809503695294876884293431031354584824775562869777539086362227250
# Distance precision: 1E-98
# Number of contacts: 660
# System length: 89.84122375298416
38.998765343937215 48.65266268406096
38.998765343937215 41.1885610689232
50.84245840904694 41.1885610689232
50.84245840904694 48.65266268406096
48.65266268406096 38.998765343937215
41.1885610689232 50.84245840904694
41.1885610689232 38.998765343937215
48.65266268406096 50.84245840904694
36.998945792668245 48.62579704871844
36.998945792668245 41.21542670426572
52.84227796031592 41.21542670426572
52.84227796031592 48.62579704871844
48.62579704871844 36.998945792668245
41.21542670426572 52.84227796031592
41.21542670426572 36.998945792668245
48.62579704871844 52.84227796031592
34.9991077469036 48.60034531572759
34.9991077469036 41.24087843725657
54.842116006080566 41.24087843725657
54.842116006080566 48.60034531572759
48.60034531572759 34.9991077469036
41.24087843725657 54.842116006080566
41.24087843725657 34.9991077469036
48.60034531572759 54.842116006080566
32.99925220629327 48.57630749781084
32.99925220629327 41.264916255173326
56.841971546690885 41.264916255173326
56.841971546690885 48.57630749781084
48.57630749781084 32.99925220629327
41.264916255173326 56.841971546690885
41.264916255173326 32.99925220629327
48.57630749781084 56.841971546690885
30.99938017049602 48.55368360698386
30.99938017049602 41.287540146000296
58.84184358248814 41.287540146000296
58.84184358248814 48.55368360698386
48.55368360698386 30.99938017049602
41.287540146000296 58.84184358248814
41.287540146000296 30.99938017049602
48.55368360698386 58.84184358248814
28.999492639178825 48.53247365455557
28.999492639178825 41.30875009842859
60.84173111380534 41.30875009842859
60.84173111380534 48.53247365455557
48.53247365455557 28.999492639178825
41.30875009842859 60.84173111380534
41.30875009842859 28.999492639178825
48.53247365455557 60.84173111380534
26.99959061201642 48.51267765112808
26.99959061201642 41.328546101856084
62.841633140967744 41.328546101856084
62.841633140967744 48.51267765112808
48.51267765112808 26.99959061201642
41.328546101856084 62.841633140967744
41.328546101856084 26.99959061201642
48.51267765112808 62.841633140967744
24.999675088690786 48.49429560659673
24.999675088690786 41.346928146387434
64.84154866429337 41.346928146387434
64.84154866429337 48.49429560659673
48.49429560659673 24.999675088690786
41.346928146387434 64.84154866429337
41.346928146387434 24.999675088690786
48.49429560659673 64.84154866429337
22.999747068890645 48.47732753015007
22.999747068890645 41.36389622283409
66.84147668409351 41.36389622283409
66.84147668409351 48.47732753015007
48.47732753015007 22.999747068890645
41.36389622283409 66.84147668409351
41.36389622283409 22.999747068890645
48.47732753015007 66.84147668409351
20.99980755231098 48.46177343026986
20.99980755231098 41.379450322714305
68.84141620067318 41.379450322714305
68.84141620067318 48.46177343026986
48.46177343026986 20.99980755231098
41.379450322714305 68.84141620067318
41.379450322714305 20.99980755231098
48.46177343026986 68.84141620067318
18.9998575386525 48.44763331473105
18.9998575386525 41.39359043825311
70.84136621433166 41.39359043825311
70.84136621433166 48.44763331473105
48.44763331473105 18.9998575386525
41.39359043825311 70.84136621433166
41.39359043825311 18.9998575386525
48.44763331473105 70.84136621433166
16.999898027621178 48.434907190601805
16.999898027621178 41.40631656238236
72.84132572536298 41.40631656238236
72.84132572536298 48.434907190601805
48.434907190601805 16.999898027621178
41.40631656238236 72.84132572536298
41.40631656238236 16.999898027621178
48.434907190601805 72.84132572536298
14.999930018927724 48.423595064243464
14.999930018927724 41.4176286887407
74.84129373405644 41.4176286887407
74.84129373405644 48.423595064243464
48.423595064243464 14.999930018927724
41.4176286887407 74.84129373405644
41.4176286887407 14.999930018927724
48.423595064243464 74.84129373405644
12.999954512287104 48.413696941310576
12.999954512287104 41.42752681167358
76.84126924069706 41.42752681167358
76.84126924069706 48.413696941310576
48.413696941310576 12.999954512287104
41.42752681167358 76.84126924069706
41.42752681167358 12.999954512287104
48.413696941310576 76.84126924069706
10.999972507418027 48.40521282675087
10.999972507418027 41.43601092623329
78.84125124556613 41.43601092623329
78.84125124556613 48.40521282675087
48.40521282675087 10.999972507418027
41.43601092623329 78.84125124556613
41.43601092623329 10.999972507418027
48.40521282675087 78.84125124556613
8.999985004042449 48.39814272480526
8.999985004042449 41.443081028178895
80.8412387489417 41.443081028178895
80.8412387489417 48.39814272480526
48.39814272480526 8.999985004042449
41.443081028178895 80.8412387489417
41.443081028178895 8.999985004042449
48.39814272480526 80.8412387489417
6.999993001885077 48.392486639007856
6.999993001885077 41.44873711397631
82.84123075109909 41.44873711397631
82.84123075109909 48.392486639007856
48.392486639007856 6.999993001885077
41.44873711397631 82.84123075109909
41.44873711397631 6.999993001885077
48.392486639007856 82.84123075109909
4.999997500672867 48.38824457218592
4.999997500672867 41.45297918079824
84.84122625231129 41.45297918079824
84.84122625231129 48.38824457218592
48.38824457218592 4.999997500672867
41.45297918079824 84.84122625231129
41.45297918079824 4.999997500672867
48.38824457218592 84.84122625231129
2.9999995001345234 48.38541652645993
2.9999995001345234 41.45580722652423
86.84122425284964 41.45580722652423
86.84122425284964 48.38541652645993
48.38541652645993 2.9999995001345234
41.45580722652423 86.84122425284964
41.45580722652423 2.9999995001345234
48.38541652645993 86.84122425284964
1.0 48.38400250324352
1.0 41.457221249740634
88.84122375298416 41.457221249740634
88.84122375298416 48.38400250324352
48.38400250324352 1.0
41.457221249740634 88.84122375298416
41.457221249740634 1.0
48.38400250324352 88.84122375298416
38.998765343937215 46.65266268406096
38.998765343937215 43.1885610689232
50.84245840904694 43.1885610689232
50.84245840904694 46.65266268406096
46.65266268406096 38.998765343937215
43.1885610689232 50.84245840904694
43.1885610689232 38.998765343937215
46.65266268406096 50.84245840904694
36.9544220457783 46.62629270114555
36.9544220457783 43.214931051838605
52.88680170720586 43.214931051838605
52.88680170720586 46.62629270114555
46.62629270114555 36.9544220457783
43.214931051838605 52.88680170720586
43.214931051838605 36.9544220457783
46.62629270114555 52.88680170720586
34.83500048288823 46.60708948520874
34.83500048288823 43.234134267775424
55.00622327009592 43.234134267775424
55.00622327009592 46.60708948520874
46.60708948520874 34.83500048288823
43.234134267775424 55.00622327009592
43.234134267775424 34.83500048288823
46.60708948520874 55.00622327009592
32.67746639384993 46.60236375724725
32.67746639384993 43.23885999573692
57.16375735913422 43.23885999573692
57.16375735913422 46.60236375724725
46.60236375724725 32.67746639384993
43.23885999573692 57.16375735913422
43.23885999573692 32.67746639384993
46.60236375724725 57.16375735913422
30.525510556227516 46.61063250403443
30.525510556227516 43.230591248949736
59.31571319675665 43.230591248949736
59.31571319675665 46.61063250403443
46.61063250403443 30.525510556227516
43.230591248949736 59.31571319675665
43.230591248949736 30.525510556227516
46.61063250403443 59.31571319675665
28.405731766926095 46.62264433585149
28.405731766926095 43.218579417132666
61.43549198605806 43.218579417132666
61.43549198605806 46.62264433585149
46.62264433585149 28.405731766926095
43.218579417132666 61.43549198605806
43.218579417132666 28.405731766926095
46.62264433585149 61.43549198605806
26.319973690150455 46.63168832646049
26.319973690150455 43.20953542652367
63.52125006283371 43.20953542652367
63.52125006283371 46.63168832646049
46.63168832646049 26.319973690150455
43.20953542652367 63.52125006283371
43.20953542652367 26.319973690150455
46.63168832646049 63.52125006283371
24.257806079998268 46.636977547151446
24.257806079998268 43.20424620583271
65.58341767298589 43.20424620583271
65.58341767298589 46.636977547151446
46.636977547151446 24.257806079998268
43.20424620583271 65.58341767298589
43.20424620583271 24.257806079998268
46.636977547151446 65.58341767298589
22.209569389642304 46.64004169631318
22.209569389642304 43.20118205667098
67.63165436334185 43.20118205667098
67.63165436334185 46.64004169631318
46.64004169631318 22.209569389642304
43.20118205667098 67.63165436334185
43.20118205667098 22.209569389642304
46.64004169631318 67.63165436334185
20.16991440634422 46.64208187226411
20.16991440634422 43.199141880720056
69.67130934663994 43.199141880720056
69.67130934663994 46.64208187226411
46.64208187226411 20.16991440634422
43.199141880720056 69.67130934663994
43.199141880720056 20.16991440634422
46.64208187226411 69.67130934663994
18.13635433319341 46.64364822217572
18.13635433319341 43.19757553080844
71.70486941979075 43.19757553080844
71.70486941979075 46.64364822217572
46.64364822217572 18.13635433319341
43.19757553080844 71.70486941979075
43.19757553080844 18.13635433319341
46.64364822217572 71.70486941979075
16.107668851155456 46.64495548827481
16.107668851155456 43.19626826470935
73.7335549018287 43.19626826470935
73.7335549018287 46.64495548827481
46.64495548827481 16.107668851155456
43.19626826470935 73.7335549018287
43.19626826470935 16.107668851155456
46.64495548827481 73.7335549018287
14.083146159198057 46.6460947535433
14.083146159198057 43.19512899944086
75.7580775937861 43.19512899944086
75.7580775937861 46.6460947535433
46.6460947535433 14.083146159198057
43.19512899944086 75.7580775937861
43.19512899944086 14.083146159198057
46.6460947535433 75.7580775937861
12.062305935751736 46.64711404007973
12.062305935751736 43.19410971290443
77.77891781723243 43.19410971290443
77.77891781723243 46.64711404007973
46.64711404007973 12.062305935751736
43.19410971290443 77.77891781723243
43.19410971290443 12.062305935751736
46.64711404007973 77.77891781723243
10.044798636434003 46.648043831978484
10.044798636434003 43.19317992100567
79.79642511655015 43.19317992100567
79.79642511655015 46.648043831978484
46.648043831978484 10.044798636434003
43.19317992100567 79.79642511655015
43.19317992100567 10.044798636434003
46.648043831978484 79.79642511655015
8.030361548859563 46.64890564677404
8.030361548859563 43.19231810621012
81.8108622041246 43.19231810621012
81.8108622041246 46.64890564677404
46.64890564677404 8.030361548859563
43.19231810621012 81.8108622041246
43.19231810621012 8.030361548859563
46.64890564677404 81.8108622041246
6.018795104201869 46.649715659911045
6.018795104201869 43.19150809307312
83.82242864878229 43.19150809307312
83.82242864878229 46.649715659911045
46.649715659911045 6.018795104201869
43.19150809307312 83.82242864878229
43.19150809307312 6.018795104201869
46.649715659911045 83.82242864878229
4.009948366368492 46.65048661675509
4.009948366368492 43.190737136229075
85.83127538661567 43.190737136229075
85.83127538661567 46.65048661675509
46.65048661675509 4.009948366368492
43.190737136229075 85.83127538661567
43.190737136229075 4.009948366368492
46.65048661675509 85.83127538661567
2.003709600248961 46.651228983145764
2.003709600248961 43.18999476983839
87.8375141527352 43.18999476983839
87.8375141527352 46.651228983145764
46.651228983145764 2.003709600248961
43.18999476983839 87.8375141527352
43.18999476983839 2.003709600248961
46.651228983145764 87.8375141527352
89.84122375298416 46.65195169567465
89.84122375298416 43.18927205730951
46.65195169567465 89.84122375298416
43.18927205730951 89.84122375298416
51.84245840904694 44.92061187649208
37.998765343937215 44.92061187649208
44.92061187649208 37.998765343937215
44.92061187649208 51.84245840904694
53.931145005364776 44.92061187649208
35.91007874761939 44.92061187649208
44.92061187649208 35.91007874761939
44.92061187649208 53.931145005364776
56.08130153482708 44.92061187649208
33.75992221815708 44.92061187649208
44.92061187649208 33.75992221815708
44.92061187649208 56.08130153482708
58.24621318344137 44.92061187649208
31.59501056954279 44.92061187649208
44.92061187649208 31.59501056954279
44.92061187649208 58.24621318344137
60.38521321007192 44.92061187649208
29.456010542912242 44.92061187649208
44.92061187649208 29.456010542912242
44.92061187649208 60.38521321007192
62.48577076204421 44.92061187649208
27.355452990939952 44.92061187649208
44.92061187649208 27.355452990939952
44.92061187649208 62.48577076204421
64.5567293636232 44.92061187649208
25.284494389360958 44.92061187649208
44.92061187649208 25.284494389360958
44.92061187649208 64.5567293636232
66.61010598234859 44.92061187649208
23.231117770635578 44.92061187649208
44.92061187649208 23.231117770635578
44.92061187649208 66.61010598234859
68.65320274433512 44.92061187649208
21.188021008649034 44.92061187649208
44.92061187649208 21.188021008649034
44.92061187649208 68.65320274433512
70.68941594894476 44.92061187649208
19.151807804039404 44.92061187649208
44.92061187649208 19.151807804039404
44.92061187649208 70.68941594894476
72.72032289063675 44.92061187649208
17.120900862347412 44.92061187649208
44.92061187649208 17.120900862347412
44.92061187649208 72.72032289063675
74.74678691302066 44.92061187649208
15.094436839963501 44.92061187649208
44.92061187649208 15.094436839963501
44.92061187649208 74.74678691302066
76.76936827455155 44.92061187649208
13.071855478432612 44.92061187649208
44.92061187649208 13.071855478432612
44.92061187649208 76.76936827455155
78.7884673599133 44.92061187649208
11.052756393070862 44.92061187649208
44.92061187649208 11.052756393070862
44.92061187649208 78.7884673599133
80.80438287318702 44.92061187649208
9.036840879797143 44.92061187649208
44.92061187649208 9.036840879797143
44.92061187649208 80.80438287318702
82.81734153506217 44.92061187649208
7.023882217921984 44.92061187649208
44.92061187649208 7.023882217921984
44.92061187649208 82.81734153506217
84.8275157625024 44.92061187649208
5.013707990481755 44.92061187649208
44.92061187649208 5.013707990481755
44.92061187649208 84.8275157625024
86.83503501072893 44.92061187649208
3.0061887422552283 44.92061187649208
44.92061187649208 3.0061887422552283
44.92061187649208 86.83503501072893
88.83999329474146 44.92061187649208
1.0012304582426934 44.92061187649208
44.92061187649208 1.0012304582426934
44.92061187649208 88.83999329474146
48.852463529070214 46.852463529070214
40.98876022391394 46.852463529070214
48.852463529070214 42.98876022391394
40.98876022391394 42.98876022391394
46.852463529070214 48.852463529070214
42.98876022391394 48.852463529070214
46.852463529070214 40.98876022391394
42.98876022391394 40.98876022391394
48.852463529070214 48.852463529070214
48.852463529070214 40.98876022391394
40.98876022391394 40.98876022391394
40.98876022391394 48.852463529070214
44.92061187649208 46.334825438865174
44.92061187649208 43.50639831411898
43.50639831411898 44.92061187649208
46.334825438865174 44.92061187649208
44.92061187649208 48.334825438865174
44.92061187649208 41.50639831411898
41.50639831411898 44.92061187649208
48.334825438865174 44.92061187649208
