# Core: boro
# Chain: geometric
# Phi: 0.7
# Layers: 5
# Precision: 15
# Bisection precision: 1E-100
# Final value of delta after bisection search: 0.12095594065482344125846639869584102759860392062174443125177270681839388049937078606451190501306056003866073276796507521383845511075221082185649043161510185863837219342174264706653109443806097938797075
# Distance precision: 1E-98
# Number of contacts: 180
# System length: 29.831109450249944
8.993708192570109 18.64760553269385
8.993708192570109 11.183503917556095
20.837401257679836 11.183503917556095
20.837401257679836 18.64760553269385
18.64760553269385 8.993708192570109
11.183503917556095 20.837401257679836
11.183503917556095 8.993708192570109
18.64760553269385 20.837401257679836
6.997114154771903 18.530933992768066
6.997114154771903 11.30017545748188
22.833995295478044 11.30017545748188
22.833995295478044 18.530933992768066
18.530933992768066 6.997114154771903
11.30017545748188 22.833995295478044
11.30017545748188 6.997114154771903
18.530933992768066 22.833995295478044
4.998782350899493 18.449263914820015
4.998782350899493 11.381845535429928
24.83232709935045 11.381845535429928
24.83232709935045 18.449263914820015
18.449263914820015 4.998782350899493
11.381845535429928 24.83232709935045
11.381845535429928 4.998782350899493
18.449263914820015 24.83232709935045
2.9995995930706094 18.392094860256382
2.9995995930706094 11.439014589993562
26.831509857179334 11.439014589993562
26.831509857179334 18.392094860256382
18.392094860256382 2.9995995930706094
11.439014589993562 26.831509857179334
11.439014589993562 2.9995995930706094
18.392094860256382 26.831509857179334
1.0 18.35207652206184
1.0 11.479032928188106
28.831109450249944 11.479032928188106
28.831109450249944 18.35207652206184
18.35207652206184 1.0
11.479032928188106 28.831109450249944
11.479032928188106 1.0
18.35207652206184 28.831109450249944
8.993708192570109 16.64760553269385
8.993708192570109 13.183503917556095
20.837401257679836 13.183503917556095
20.837401257679836 16.64760553269385
16.64760553269385 8.993708192570109
13.183503917556095 20.837401257679836
13.183503917556095 8.993708192570109
16.64760553269385 20.837401257679836
6.8247536294902655 16.538374872108246
6.8247536294902655 13.2927345781417
23.00635582075968 13.2927345781417
23.00635582075968 16.538374872108246
16.538374872108246 6.8247536294902655
13.2927345781417 23.00635582075968
13.2927345781417 6.8247536294902655
16.538374872108246 23.00635582075968
4.464407245211152 16.52197482222893
4.464407245211152 13.309134628021015
25.36670220503879 13.309134628021015
25.36670220503879 16.52197482222893
16.52197482222893 4.464407245211152
13.309134628021015 25.36670220503879
13.309134628021015 4.464407245211152
16.52197482222893 25.36670220503879
2.1596660643245555 16.57701589026962
2.1596660643245555 13.254093559980323
27.67144338592539 13.254093559980323
27.67144338592539 16.57701589026962
16.57701589026962 2.1596660643245555
13.254093559980323 27.67144338592539
13.254093559980323 2.1596660643245555
16.57701589026962 27.67144338592539
29.831109450249944 16.62002571449296
29.831109450249944 13.211083735756983
16.62002571449296 29.831109450249944
13.211083735756983 29.831109450249944
21.837401257679836 14.915554725124972
7.993708192570109 14.915554725124972
14.915554725124972 7.993708192570109
14.915554725124972 21.837401257679836
24.175310383839523 14.915554725124972
5.655799066410421 14.915554725124972
14.915554725124972 5.655799066410421
14.915554725124972 24.175310383839523
26.558094026238063 14.915554725124972
3.273015424011884 14.915554725124972
14.915554725124972 3.273015424011884
14.915554725124972 26.558094026238063
28.784792745612716 14.915554725124972
1.0463167046372275 14.915554725124972
14.915554725124972 1.0463167046372275
14.915554725124972 28.784792745612716
18.84740637770311 16.84740637770311
10.983703072546836 16.84740637770311
18.84740637770311 12.983703072546836
10.983703072546836 12.983703072546836
16.84740637770311 18.84740637770311
12.983703072546836 18.84740637770311
16.84740637770311 10.983703072546836
12.983703072546836 10.983703072546836
18.84740637770311 18.84740637770311
18.84740637770311 10.983703072546836
10.983703072546836 10.983703072546836
10.983703072546836 18.84740637770311
14.915554725124972 16.329768287498066
14.915554725124972 13.501341162751878
13.501341162751878 14.915554725124972
16.329768287498066 14.915554725124972
14.915554725124972 18.329768287498066
14.915554725124972 11.501341162751878
11.501341162751878 14.915554725124972
18.329768287498066 14.915554725124972
