# Core: boro
# Chain: circle
# Phi: 0.7
# Layers: 100
# Precision: 15
# Bisection precision: 1E-100
# Final value of delta after bisection search: 0.0027340686280878856711155533436508557599359782548978994745742646573325520174379841862815993786001326794094168040098245049375904985728017478534054143907051379582390821915087745726750502976491129093428269
# Distance precision: 1E-98
# Number of contacts: 3220
# System length: 409.8432119049517
198.999759419921 208.65365676004473
198.999759419921 201.189555144907
210.84345248503072 201.189555144907
210.84345248503072 208.65365676004473
208.65365676004473 198.999759419921
201.189555144907 210.84345248503072
201.189555144907 198.999759419921
208.65365676004473 210.84345248503072
196.99976660105332 208.64829723789018
196.99976660105332 201.19491466706154
212.8434453038984 201.19491466706154
212.8434453038984 208.64829723789018
208.64829723789018 196.99976660105332
201.19491466706154 212.8434453038984
201.19491466706154 196.99976660105332
208.64829723789018 212.8434453038984
194.99977363784504 208.64299185219542
194.99977363784504 201.2002200527563
214.84343826710668 201.2002200527563
214.84343826710668 208.64299185219542
208.64299185219542 194.99977363784504
201.2002200527563 214.84343826710668
201.2002200527563 194.99977363784504
208.64299185219542 214.84343826710668
192.99978053176156 208.63774060296433
192.99978053176156 201.2054713019874
216.84343137319019 201.2054713019874
216.84343137319019 208.63774060296433
208.63774060296433 192.99978053176156
201.2054713019874 216.84343137319019
201.2054713019874 192.99978053176156
208.63774060296433 216.84343137319019
190.99978728426822 208.63254349020076
190.99978728426822 201.21066841475096
218.8434246206835 201.21066841475096
218.8434246206835 208.63254349020076
208.63254349020076 190.99978728426822
201.21066841475096 218.8434246206835
201.21066841475096 190.99978728426822
208.63254349020076 218.8434246206835
188.99979389683043 208.62740051390853
188.99979389683043 201.2158113910432
220.8434180081213 201.2158113910432
220.8434180081213 208.62740051390853
208.62740051390853 188.99979389683043
201.2158113910432 220.8434180081213
201.2158113910432 188.99979389683043
208.62740051390853 220.8434180081213
186.9998003709136 208.6223116740914
186.9998003709136 201.2209002308603
222.84341153403815 201.2209002308603
222.84341153403815 208.6223116740914
208.6223116740914 186.9998003709136
201.2209002308603 222.84341153403815
201.2209002308603 186.9998003709136
208.6223116740914 222.84341153403815
184.99980670798305 208.6172769707531
184.99980670798305 201.22593493419862
224.84340519696866 201.22593493419862
224.84340519696866 208.6172769707531
208.6172769707531 184.99980670798305
201.22593493419862 224.84340519696866
201.22593493419862 184.99980670798305
208.6172769707531 224.84340519696866
182.99981290950421 208.61229640389732
182.99981290950421 201.2309155010544
226.8433989954475 201.2309155010544
226.8433989954475 208.61229640389732
208.61229640389732 182.99981290950421
201.2309155010544 226.8433989954475
201.2309155010544 182.99981290950421
208.61229640389732 226.8433989954475
180.99981897694246 208.60736997352768
180.99981897694246 201.23584193142403
228.84339292800925 201.23584193142403
228.84339292800925 208.60736997352768
208.60736997352768 180.99981897694246
201.23584193142403 228.84339292800925
201.23584193142403 180.99981897694246
208.60736997352768 228.84339292800925
178.99982491176317 208.60249767964785
178.99982491176317 201.24071422530386
230.84338699318855 201.24071422530386
230.84338699318855 208.60249767964785
208.60249767964785 178.99982491176317
201.24071422530386 230.84338699318855
201.24071422530386 178.99982491176317
208.60249767964785 230.84338699318855
176.99983071543176 208.59767952226136
176.99983071543176 201.24553238269039
232.84338118951996 201.24553238269039
232.84338118951996 208.59767952226136
208.59767952226136 176.99983071543176
201.24553238269039 232.84338118951996
201.24553238269039 176.99983071543176
208.59767952226136 232.84338118951996
174.99983638941356 208.59291550137172
174.99983638941356 201.25029640358
234.84337551553816 201.25029640358
234.84337551553816 208.59291550137172
208.59291550137172 174.99983638941356
201.25029640358 234.84337551553816
201.25029640358 174.99983638941356
208.59291550137172 234.84337551553816
172.99984193517398 208.58820561698246
172.99984193517398 201.25500628796925
236.84336996977774 201.25500628796925
236.84336996977774 208.58820561698246
208.58820561698246 172.99984193517398
201.25500628796925 236.84336996977774
201.25500628796925 172.99984193517398
208.58820561698246 236.84336996977774
170.99984735417843 208.58354986909703
170.99984735417843 201.2596620358547
238.8433645507733 201.2596620358547
238.8433645507733 208.58354986909703
208.58354986909703 170.99984735417843
201.2596620358547 238.8433645507733
201.2596620358547 170.99984735417843
208.58354986909703 238.8433645507733
168.99985264789225 208.57894825771882
168.99985264789225 201.2642636472329
240.84335925705946 201.2642636472329
240.84335925705946 208.57894825771882
208.57894825771882 168.99985264789225
201.2642636472329 240.84335925705946
201.2642636472329 168.99985264789225
208.57894825771882 240.84335925705946
166.99985781778085 208.57440078285123
166.99985781778085 201.2688111221005
242.84335408717087 201.2688111221005
242.84335408717087 208.57440078285123
208.57440078285123 166.99985781778085
201.2688111221005 242.84335408717087
201.2688111221005 166.99985781778085
208.57440078285123 242.84335408717087
164.9998628653096 208.56990744449755
164.9998628653096 201.27330446045417
244.8433490396421 201.27330446045417
244.8433490396421 208.56990744449755
208.56990744449755 164.9998628653096
201.27330446045417 244.8433490396421
201.27330446045417 164.9998628653096
208.56990744449755 244.8433490396421
162.9998677919439 208.5654682426611
162.9998677919439 201.27774366229062
246.84334411300782 201.27774366229062
246.84334411300782 208.5654682426611
208.5654682426611 162.9998677919439
201.27774366229062 246.84334411300782
201.27774366229062 162.9998677919439
208.5654682426611 246.84334411300782
160.99987259914914 208.56108317734513
160.99987259914914 201.2821287276066
248.84333930580257 201.2821287276066
248.84333930580257 208.56108317734513
208.56108317734513 160.99987259914914
201.2821287276066 248.84333930580257
201.2821287276066 160.99987259914914
208.56108317734513 248.84333930580257
158.9998772883907 208.55675224855284
158.9998772883907 201.28645965639888
250.84333461656104 201.28645965639888
250.84333461656104 208.55675224855284
208.55675224855284 158.9998772883907
201.28645965639888 250.84333461656104
201.28645965639888 158.9998772883907
208.55675224855284 250.84333461656104
156.99988186113393 208.55247545628743
156.99988186113393 201.2907364486643
252.8433300438178 201.2907364486643
252.8433300438178 208.55247545628743
208.55247545628743 156.99988186113393
201.2907364486643 252.8433300438178
201.2907364486643 156.99988186113393
208.55247545628743 252.8433300438178
154.99988631884426 208.548252800552
154.99988631884426 201.2949591043997
254.84332558610745 201.2949591043997
254.84332558610745 208.548252800552
208.548252800552 154.99988631884426
201.2949591043997 254.84332558610745
201.2949591043997 154.99988631884426
208.548252800552 254.84332558610745
152.99989066298707 208.54408428134968
152.99989066298707 201.29912762360203
256.84332124196465 201.29912762360203
256.84332124196465 208.54408428134968
208.54408428134968 152.99989066298707
201.29912762360203 256.84332124196465
201.29912762360203 152.99989066298707
208.54408428134968 256.84332124196465
150.99989489502772 208.5399698986835
150.99989489502772 201.30324200626822
258.84331700992396 201.30324200626822
258.84331700992396 208.5399698986835
208.5399698986835 150.99989489502772
201.30324200626822 258.84331700992396
201.30324200626822 150.99989489502772
208.5399698986835 258.84331700992396
148.99989901643164 208.53590965255648
148.99989901643164 201.30730225239526
260.8433128885201 201.30730225239526
260.8433128885201 208.53590965255648
208.53590965255648 148.99989901643164
201.30730225239526 260.8433128885201
201.30730225239526 148.99989901643164
208.53590965255648 260.8433128885201
146.99990302866416 208.53190354297158
146.99990302866416 201.31130836198014
262.84330887628755 201.31130836198014
262.84330887628755 208.53190354297158
208.53190354297158 146.99990302866416
201.31130836198014 262.84330887628755
201.31130836198014 146.99990302866416
208.53190354297158 262.84330887628755
144.9999069331907 208.52795156993176
144.9999069331907 201.31526033501996
264.84330497176103 201.31526033501996
264.84330497176103 208.52795156993176
208.52795156993176 144.9999069331907
201.31526033501996 264.84330497176103
201.31526033501996 144.9999069331907
208.52795156993176 264.84330497176103
142.99991073147663 208.5240537334399
142.99991073147663 201.31915817151182
266.8433011734751 201.31915817151182
266.8433011734751 208.5240537334399
208.5240537334399 142.99991073147663
201.31915817151182 266.8433011734751
201.31915817151182 142.99991073147663
208.5240537334399 266.8433011734751
140.99991442498737 208.52021003349887
140.99991442498737 201.32300187145285
268.84329747996435 201.32300187145285
268.84329747996435 208.52021003349887
208.52021003349887 140.99991442498737
201.32300187145285 268.84329747996435
201.32300187145285 140.99991442498737
208.52021003349887 268.84329747996435
138.99991801518826 208.51642047011148
138.99991801518826 201.32679143484023
270.84329388976346 201.32679143484023
270.84329388976346 208.51642047011148
208.51642047011148 138.99991801518826
201.32679143484023 270.84329388976346
201.32679143484023 138.99991801518826
208.51642047011148 270.84329388976346
136.9999215035447 208.5126850432805
136.9999215035447 201.33052686167122
272.84329040140705 201.33052686167122
272.84329040140705 208.5126850432805
208.5126850432805 136.9999215035447
201.33052686167122 272.84329040140705
201.33052686167122 136.9999215035447
208.5126850432805 272.84329040140705
134.99992489152208 208.50900375300867
134.99992489152208 201.33420815194305
274.84328701342963 201.33420815194305
274.84328701342963 208.50900375300867
208.50900375300867 134.99992489152208
201.33420815194305 274.84328701342963
201.33420815194305 134.99992489152208
208.50900375300867 274.84328701342963
132.99992818058578 208.5053765992987
132.99992818058578 201.33783530565302
276.84328372436596 201.33783530565302
276.84328372436596 208.5053765992987
208.5053765992987 132.99992818058578
201.33783530565302 276.84328372436596
201.33783530565302 132.99992818058578
208.5053765992987 276.84328372436596
130.99993137220122 208.50180358215323
130.99993137220122 201.3414083227985
278.8432805327505 201.3414083227985
278.8432805327505 208.50180358215323
208.50180358215323 130.99993137220122
201.3414083227985 278.8432805327505
201.3414083227985 130.99993137220122
208.50180358215323 278.8432805327505
128.99993446783375 208.49828470157487
128.99993446783375 201.34492720337684
280.843277437118 201.34492720337684
280.843277437118 208.49828470157487
208.49828470157487 128.99993446783375
201.34492720337684 280.843277437118
201.34492720337684 128.99993446783375
208.49828470157487 280.843277437118
126.99993746894876 208.49481995756622
126.99993746894876 201.3483919473855
282.84327443600296 201.3483919473855
282.84327443600296 208.49481995756622
208.49481995756622 126.99993746894876
201.3483919473855 282.84327443600296
201.3483919473855 126.99993746894876
208.49481995756622 282.84327443600296
124.99994037701164 208.49140935012983
124.99994037701164 201.3518025548219
284.8432715279401 201.3518025548219
284.8432715279401 208.49140935012983
208.49140935012983 124.99994037701164
201.3518025548219 284.8432715279401
201.3518025548219 124.99994037701164
208.49140935012983 284.8432715279401
122.99994319348778 208.48805287926817
122.99994319348778 201.35515902568358
286.84326871146396 201.35515902568358
286.84326871146396 208.48805287926817
208.48805287926817 122.99994319348778
201.35515902568358 286.84326871146396
201.35515902568358 122.99994319348778
208.48805287926817 286.84326871146396
120.99994591984257 208.48475054498368
120.99994591984257 201.35846135996803
288.84326598510916 201.35846135996803
288.84326598510916 208.48475054498368
208.48475054498368 120.99994591984257
201.35846135996803 288.84326598510916
201.35846135996803 120.99994591984257
208.48475054498368 288.84326598510916
118.9999485575414 208.48150234727885
118.9999485575414 201.36170955767287
290.8432633474103 201.36170955767287
290.8432633474103 208.48150234727885
208.48150234727885 118.9999485575414
201.36170955767287 290.8432633474103
201.36170955767287 118.9999485575414
208.48150234727885 290.8432633474103
116.99995110804964 208.478308286156
116.99995110804964 201.36490361879572
292.8432607969021 201.36490361879572
292.8432607969021 208.478308286156
208.478308286156 116.99995110804964
201.36490361879572 292.8432607969021
201.36490361879572 116.99995110804964
208.478308286156 292.8432607969021
114.99995357283268 208.47516836161748
114.99995357283268 201.36804354333424
294.84325833211904 201.36804354333424
294.84325833211904 208.47516836161748
208.47516836161748 114.99995357283268
201.36804354333424 294.84325833211904
201.36804354333424 114.99995357283268
208.47516836161748 294.84325833211904
112.99995595335592 208.4720825736656
112.99995595335592 201.3711293312861
296.8432559515958 201.3711293312861
296.8432559515958 208.4720825736656
208.4720825736656 112.99995595335592
201.3711293312861 296.8432559515958
201.3711293312861 112.99995595335592
208.4720825736656 296.8432559515958
110.99995825108473 208.46905092230264
110.99995825108473 201.37416098264907
298.843253653867 201.37416098264907
298.843253653867 208.46905092230264
208.46905092230264 110.99995825108473
201.37416098264907 298.843253653867
201.37416098264907 110.99995825108473
208.46905092230264 298.843253653867
108.99996046748451 208.46607340753079
108.99996046748451 201.37713849742093
300.8432514374672 201.37713849742093
300.8432514374672 208.46607340753079
208.46607340753079 108.99996046748451
201.37713849742093 300.8432514374672
201.37713849742093 108.99996046748451
208.46607340753079 300.8432514374672
106.99996260402065 208.46315002935225
106.99996260402065 201.38006187559947
302.84324930093106 201.38006187559947
302.84324930093106 208.46315002935225
208.46315002935225 106.99996260402065
201.38006187559947 302.84324930093106
201.38006187559947 106.99996260402065
208.46315002935225 302.84324930093106
104.99996466215853 208.46028078776916
104.99996466215853 201.38293111718258
304.8432472427932 201.38293111718258
304.8432472427932 208.46028078776916
208.46028078776916 104.99996466215853
201.38293111718258 304.8432472427932
201.38293111718258 104.99996466215853
208.46028078776916 304.8432472427932
102.99996664336354 208.4574656827836
102.99996664336354 201.3857462221681
306.8432452615882 201.3857462221681
306.8432452615882 208.4574656827836
208.4574656827836 102.99996664336354
201.3857462221681 306.8432452615882
201.3857462221681 102.99996664336354
208.4574656827836 306.8432452615882
100.99996854910104 208.45470471439765
100.99996854910104 201.38850719055407
308.8432433558507 201.38850719055407
308.8432433558507 208.45470471439765
208.45470471439765 100.99996854910104
201.38850719055407 308.8432433558507
201.38850719055407 100.99996854910104
208.45470471439765 308.8432433558507
98.99997038083646 208.45199788261334
98.99997038083646 201.39121402233837
310.8432415241153 201.39121402233837
310.8432415241153 208.45199788261334
208.45199788261334 98.99997038083646
201.39121402233837 310.8432415241153
201.39121402233837 98.99997038083646
208.45199788261334 310.8432415241153
96.99997214003517 208.44934518743267
96.99997214003517 201.39386671751907
312.8432397649166 201.39386671751907
312.8432397649166 208.44934518743267
208.44934518743267 96.99997214003517
201.39386671751907 312.8432397649166
201.39386671751907 96.99997214003517
208.44934518743267 312.8432397649166
94.99997382816254 208.44674662885754
94.99997382816254 201.3964652760942
314.8432380767892 201.3964652760942
314.8432380767892 208.44674662885754
208.44674662885754 94.99997382816254
201.3964652760942 314.8432380767892
201.3964652760942 94.99997382816254
208.44674662885754 314.8432380767892
92.99997544668399 208.44420220688986
92.99997544668399 201.39900969806186
316.8432364582677 201.39900969806186
316.8432364582677 208.44420220688986
208.44420220688986 92.99997544668399
201.39900969806186 316.8432364582677
201.39900969806186 92.99997544668399
208.44420220688986 316.8432364582677
90.99997699706488 208.44171192153152
90.99997699706488 201.4014999834202
318.8432349078868 201.4014999834202
318.8432349078868 208.44171192153152
208.44171192153152 90.99997699706488
201.4014999834202 318.8432349078868
201.4014999834202 90.99997699706488
208.44171192153152 318.8432349078868
88.99997848077061 208.43927577278433
88.99997848077061 201.4039361321674
320.8432334241811 201.4039361321674
320.8432334241811 208.43927577278433
208.43927577278433 88.99997848077061
201.4039361321674 320.8432334241811
201.4039361321674 88.99997848077061
208.43927577278433 320.8432334241811
86.99997989926656 208.4368937606501
86.99997989926656 201.40631814430162
322.84323200568514 201.40631814430162
322.84323200568514 208.4368937606501
208.4368937606501 86.99997989926656
201.40631814430162 322.84323200568514
201.40631814430162 86.99997989926656
208.4368937606501 322.84323200568514
84.99998125401814 208.43456588513052
84.99998125401814 201.4086460198212
324.8432306509336 201.4086460198212
324.8432306509336 208.43456588513052
208.43456588513052 84.99998125401814
201.4086460198212 324.8432306509336
201.4086460198212 84.99998125401814
208.43456588513052 324.8432306509336
82.9999825464907 208.43229214622735
82.9999825464907 201.41091975872436
326.84322935846103 201.41091975872436
326.84322935846103 208.43229214622735
208.43229214622735 82.9999825464907
201.41091975872436 326.84322935846103
201.41091975872436 82.9999825464907
208.43229214622735 326.84322935846103
80.99998377814966 208.43007254394223
80.99998377814966 201.41313936100948
328.84322812680205 201.41313936100948
328.84322812680205 208.43007254394223
208.43007254394223 80.99998377814966
201.41313936100948 328.84322812680205
201.41313936100948 80.99998377814966
208.43007254394223 328.84322812680205
78.99998495046039 208.42790707827677
78.99998495046039 201.41530482667494
330.84322695449134 201.41530482667494
330.84322695449134 208.42790707827677
208.42790707827677 78.99998495046039
201.41530482667494 330.84322695449134
201.41530482667494 78.99998495046039
208.42790707827677 330.84322695449134
76.99998606488828 208.4257957492326
76.99998606488828 201.4174161557191
332.84322584006344 201.4174161557191
332.84322584006344 208.4257957492326
208.4257957492326 76.99998606488828
201.4174161557191 332.84322584006344
201.4174161557191 76.99998606488828
208.4257957492326 332.84322584006344
74.99998712289873 208.42373855681126
74.99998712289873 201.41947334814046
334.84322478205297 201.41947334814046
334.84322478205297 208.42373855681126
208.42373855681126 74.99998712289873
201.41947334814046 334.84322478205297
201.41947334814046 74.99998712289873
208.42373855681126 334.84322478205297
72.9999881259571 208.4217355010142
72.9999881259571 201.4214764039375
336.8432237789946 201.4214764039375
336.8432237789946 208.4217355010142
208.4217355010142 72.9999881259571
201.4214764039375 336.8432237789946
201.4214764039375 72.9999881259571
208.4217355010142 336.8432237789946
70.99998907552882 208.41978658184297
70.99998907552882 201.42342532310875
338.8432228294229 201.42342532310875
338.8432228294229 208.41978658184297
208.41978658184297 70.99998907552882
201.42342532310875 338.8432228294229
201.42342532310875 70.99998907552882
208.41978658184297 338.8432228294229
68.99998997307924 208.41789179929896
68.99998997307924 201.42532010565276
340.8432219318725 201.42532010565276
340.8432219318725 208.41789179929896
208.41789179929896 68.99998997307924
201.42532010565276 340.8432219318725
201.42532010565276 68.99998997307924
208.41789179929896 340.8432219318725
66.99999082007376 208.41605115338353
66.99999082007376 201.4271607515682
342.84322108487794 201.4271607515682
342.84322108487794 208.41605115338353
208.41605115338353 66.99999082007376
201.4271607515682 342.84322108487794
201.4271607515682 66.99999082007376
208.41605115338353 342.84322108487794
64.99999161797778 208.41426464409807
64.99999161797778 201.42894726085368
344.8432202869739 201.42894726085368
344.8432202869739 208.41426464409807
208.41426464409807 64.99999161797778
201.42894726085368 344.8432202869739
201.42894726085368 64.99999161797778
208.41426464409807 344.8432202869739
62.99999236825668 208.41253227144387
62.99999236825668 201.43067963350788
346.8432195366951 201.43067963350788
346.8432195366951 208.41253227144387
208.41253227144387 62.99999236825668
201.43067963350788 346.8432195366951
201.43067963350788 62.99999236825668
208.41253227144387 346.8432195366951
60.99999307237584 208.41085403542218
60.99999307237584 201.43235786952954
348.8432188325759 201.43235786952954
348.8432188325759 208.41085403542218
208.41085403542218 60.99999307237584
201.43235786952954 348.8432188325759
201.43235786952954 60.99999307237584
208.41085403542218 348.8432188325759
58.99999373180065 208.40922993603428
58.99999373180065 201.43398196891744
350.84321817315106 201.43398196891744
350.84321817315106 208.40922993603428
208.40922993603428 58.99999373180065
201.43398196891744 350.84321817315106
201.43398196891744 58.99999373180065
208.40922993603428 350.84321817315106
56.999994347996505 208.4076599732813
56.999994347996505 201.4355519316704
352.8432175569552 201.4355519316704
352.8432175569552 208.4076599732813
208.4076599732813 56.999994347996505
201.4355519316704 352.8432175569552
201.4355519316704 56.999994347996505
208.4076599732813 352.8432175569552
54.99999492242879 208.40614414716447
54.99999492242879 201.43706775778728
354.8432169825229 201.43706775778728
354.8432169825229 208.40614414716447
208.40614414716447 54.99999492242879
201.43706775778728 354.8432169825229
201.43706775778728 54.99999492242879
208.40614414716447 354.8432169825229
52.9999954565629 208.40468245768483
52.9999954565629 201.43852944726692
356.84321644838883 201.43852944726692
356.84321644838883 208.40468245768483
208.40468245768483 52.9999954565629
201.43852944726692 356.84321644838883
201.43852944726692 52.9999954565629
208.40468245768483 356.84321644838883
50.99999595186421 208.40327490484347
50.99999595186421 201.43993700010827
358.8432159530875 201.43993700010827
358.8432159530875 208.40327490484347
208.40327490484347 50.99999595186421
201.43993700010827 358.8432159530875
201.43993700010827 50.99999595186421
208.40327490484347 358.8432159530875
48.999996409798115 208.40192148864142
48.999996409798115 201.4412904163103
360.84321549515363 201.4412904163103
360.84321549515363 208.40192148864142
208.40192148864142 48.999996409798115
201.4412904163103 360.84321549515363
201.4412904163103 48.999996409798115
208.40192148864142 360.84321549515363
46.99999683183 208.4006222090797
46.99999683183 201.44258969587204
362.8432150731217 201.44258969587204
362.8432150731217 208.4006222090797
208.4006222090797 46.99999683183
201.44258969587204 362.8432150731217
201.44258969587204 46.99999683183
208.4006222090797 362.8432150731217
44.99999721942527 208.39937706615922
44.99999721942527 201.4438348387925
364.84321468552645 201.4438348387925
364.84321468552645 208.39937706615922
208.39937706615922 44.99999721942527
201.4438348387925 364.84321468552645
201.4438348387925 44.99999721942527
208.39937706615922 364.84321468552645
42.99999757404929 208.3981860598809
42.99999757404929 201.4450258450708
366.8432143309024 201.4450258450708
366.8432143309024 208.3981860598809
208.3981860598809 42.99999757404929
201.4450258450708 366.8432143309024
201.4450258450708 42.99999757404929
208.3981860598809 366.8432143309024
40.999997897167454 208.39704919024564
40.999997897167454 201.44616271470608
368.84321400778424 201.44616271470608
368.84321400778424 208.39704919024564
208.39704919024564 40.999997897167454
201.44616271470608 368.84321400778424
201.44616271470608 40.999997897167454
208.39704919024564 368.84321400778424
38.99999819024516 208.39596645725427
38.99999819024516 201.44724544769747
370.84321371470656 201.44724544769747
370.84321371470656 208.39596645725427
208.39596645725427 38.99999819024516
201.44724544769747 370.84321371470656
201.44724544769747 38.99999819024516
208.39596645725427 370.84321371470656
36.99999845474779 208.39493786090756
36.99999845474779 201.44827404404415
372.84321345020396 201.44827404404415
372.84321345020396 208.39493786090756
208.39493786090756 36.99999845474779
201.44827404404415 372.84321345020396
201.44827404404415 36.99999845474779
208.39493786090756 372.84321345020396
34.99999869214073 208.39396340120626
34.99999869214073 201.44924850374545
374.843213212811 201.44924850374545
374.843213212811 208.39396340120626
208.39396340120626 34.99999869214073
201.44924850374545 374.843213212811
201.44924850374545 34.99999869214073
208.39396340120626 374.843213212811
32.99999890388937 208.39304307815112
32.99999890388937 201.4501688268006
376.84321300106234 201.4501688268006
376.84321300106234 208.39304307815112
208.39304307815112 32.99999890388937
201.4501688268006 376.84321300106234
201.4501688268006 32.99999890388937
208.39304307815112 376.84321300106234
30.999999091459102 208.39217689174276
30.999999091459102 201.45103501320895
378.84321281349264 201.45103501320895
378.84321281349264 208.39217689174276
208.39217689174276 30.999999091459102
201.45103501320895 378.84321281349264
201.45103501320895 30.999999091459102
208.39217689174276 378.84321281349264
28.999999256315313 208.3913648419819
28.999999256315313 201.45184706296985
380.8432126486364 201.45184706296985
380.8432126486364 208.3913648419819
208.3913648419819 28.999999256315313
201.45184706296985 380.8432126486364
201.45184706296985 28.999999256315313
208.3913648419819 380.8432126486364
26.99999939992339 208.39060692886903
26.99999939992339 201.45260497608268
382.8432125050283 201.45260497608268
382.8432125050283 208.39060692886903
208.39060692886903 26.99999939992339
201.45260497608268 382.8432125050283
201.45260497608268 26.99999939992339
208.39060692886903 382.8432125050283
24.999999523748723 208.3899031524048
24.999999523748723 201.45330875254695
384.843212381203 201.45330875254695
384.843212381203 208.3899031524048
208.3899031524048 24.999999523748723
201.45330875254695 384.843212381203
201.45330875254695 24.999999523748723
208.3899031524048 384.843212381203
22.999999629256695 208.38925351258965
22.999999629256695 201.45395839236207
386.843212275695 201.45395839236207
386.843212275695 208.38925351258965
208.38925351258965 22.999999629256695
201.45395839236207 386.843212275695
201.45395839236207 22.999999629256695
208.38925351258965 386.843212275695
20.999999717912704 208.3886580094241
20.999999717912704 201.45455389552762
388.843212187039 201.45455389552762
388.843212187039 208.3886580094241
208.3886580094241 20.999999717912704
201.45455389552762 388.843212187039
201.45455389552762 20.999999717912704
208.3886580094241 388.843212187039
18.99999979118213 208.38811664290859
18.99999979118213 201.45509526204316
390.8432121137696 201.45509526204316
390.8432121137696 208.38811664290859
208.38811664290859 18.99999979118213
201.45509526204316 390.8432121137696
201.45509526204316 18.99999979118213
208.38811664290859 390.8432121137696
16.99999985053037 208.38762941304347
16.99999985053037 201.45558249190825
392.8432120544214 201.45558249190825
392.8432120544214 208.38762941304347
208.38762941304347 16.99999985053037
201.45558249190825 392.8432120544214
201.45558249190825 16.99999985053037
208.38762941304347 392.8432120544214
14.999999897422802 208.38719631982914
14.999999897422802 201.45601558512257
394.8432120075289 201.45601558512257
394.8432120075289 208.38719631982914
208.38719631982914 14.999999897422802
201.45601558512257 394.8432120075289
201.45601558512257 14.999999897422802
208.38719631982914 394.8432120075289
12.99999993332482 208.38681736326592
12.99999993332482 201.4563945416858
396.8432119716269 201.4563945416858
396.8432119716269 208.38681736326592
208.38681736326592 12.99999993332482
201.4563945416858 396.8432119716269
201.4563945416858 12.99999993332482
208.38681736326592 396.8432119716269
10.999999959701814 208.38649254335408
10.999999959701814 201.45671936159766
398.8432119452499 201.45671936159766
398.8432119452499 208.38649254335408
208.38649254335408 10.999999959701814
201.45671936159766 398.8432119452499
201.45671936159766 10.999999959701814
208.38649254335408 398.8432119452499
8.999999978019172 208.38622186009383
8.999999978019172 201.4569900448579
400.84321192693255 201.4569900448579
400.84321192693255 208.38622186009383
208.38622186009383 8.999999978019172
201.4569900448579 400.84321192693255
201.4569900448579 8.999999978019172
208.38622186009383 400.84321192693255
6.99999998974228 208.3860053134854
6.99999998974228 201.45720659146633
402.84321191520945 201.45720659146633
402.84321191520945 208.3860053134854
208.3860053134854 6.99999998974228
201.45720659146633 402.84321191520945
201.45720659146633 6.99999998974228
208.3860053134854 402.84321191520945
4.999999996336529 208.38584290352892
4.999999996336529 201.4573690014228
404.8432119086152 201.4573690014228
404.8432119086152 208.38584290352892
208.38584290352892 4.999999996336529
201.4573690014228 404.8432119086152
201.4573690014228 4.999999996336529
208.38584290352892 404.8432119086152
2.9999999992673057 208.38573463022456
2.9999999992673057 201.45747727472715
406.8432119056844 201.45747727472715
406.8432119056844 208.38573463022456
208.38573463022456 2.9999999992673057
201.45747727472715 406.8432119056844
201.45747727472715 2.9999999992673057
208.38573463022456 406.8432119056844
1.0 208.38568049357235
1.0 201.45753141137936
408.8432119049517 201.45753141137936
408.8432119049517 208.38568049357235
208.38568049357235 1.0
201.45753141137936 408.8432119049517
201.45753141137936 1.0
208.38568049357235 408.8432119049517
198.999759419921 206.65365676004473
198.999759419921 203.189555144907
210.84345248503072 203.189555144907
210.84345248503072 206.65365676004473
206.65365676004473 198.999759419921
203.189555144907 210.84345248503072
203.189555144907 198.999759419921
206.65365676004473 210.84345248503072
196.9905695579868 206.64831838440227
196.9905695579868 203.19489352054944
212.85264234696493 203.19489352054944
212.85264234696493 206.64831838440227
206.64831838440227 196.9905695579868
203.19489352054944 212.85264234696493
203.19489352054944 196.9905695579868
206.64831838440227 212.85264234696493
194.96368169380344 206.64331753581905
194.96368169380344 203.19989436913266
214.87953021114828 203.19989436913266
214.87953021114828 206.64331753581905
206.64331753581905 194.96368169380344
203.19989436913266 214.87953021114828
203.19989436913266 194.96368169380344
206.64331753581905 214.87953021114828
192.92147592829036 206.6392740935939
192.92147592829036 203.2039378113578
216.92173597666135 203.2039378113578
216.92173597666135 206.6392740935939
206.6392740935939 192.92147592829036
203.2039378113578 216.92173597666135
203.2039378113578 192.92147592829036
206.6392740935939 216.92173597666135
190.86842715437464 206.6368620235648
190.86842715437464 203.20634988138693
218.97478475057707 203.20634988138693
218.97478475057707 206.6368620235648
206.6368620235648 190.86842715437464
203.20634988138693 218.97478475057707
203.20634988138693 190.86842715437464
206.6368620235648 218.97478475057707
188.8105341523526 206.63637546406105
188.8105341523526 203.20683644089067
221.0326777525991 203.20683644089067
221.0326777525991 206.63637546406105
206.63637546406105 188.8105341523526
203.20683644089067 221.0326777525991
203.20683644089067 188.8105341523526
206.63637546406105 221.0326777525991
186.7537197353578 206.63750832846634
186.7537197353578 203.20570357648538
223.0894921695939 203.20570357648538
223.0894921695939 206.63750832846634
206.63750832846634 186.7537197353578
203.20570357648538 223.0894921695939
203.20570357648538 186.7537197353578
206.63750832846634 223.0894921695939
184.7022008963018 206.63954322202613
184.7022008963018 203.20366868292558
225.1410110086499 203.20366868292558
225.1410110086499 206.63954322202613
206.63954322202613 184.7022008963018
203.20366868292558 225.1410110086499
203.20366868292558 184.7022008963018
206.63954322202613 225.1410110086499
182.65780798753872 206.6417552007373
182.65780798753872 203.20145670421445
227.185403917413 203.20145670421445
227.185403917413 206.6417552007373
206.6417552007373 182.65780798753872
203.20145670421445 227.185403917413
203.20145670421445 182.65780798753872
206.6417552007373 227.185403917413
180.62040220637095 206.64368901313492
180.62040220637095 203.1995228918168
229.22280969858076 203.1995228918168
229.22280969858076 206.64368901313492
206.64368901313492 180.62040220637095
203.1995228918168 229.22280969858076
203.1995228918168 180.62040220637095
206.64368901313492 229.22280969858076
178.58880525396944 206.6451875762388
178.58880525396944 203.1980243287129
231.25440665098228 203.1980243287129
231.25440665098228 206.6451875762388
206.6451875762388 178.58880525396944
203.1980243287129 231.25440665098228
203.1980243287129 178.58880525396944
206.6451875762388 231.25440665098228
176.561607855397 206.64627983871546
176.561607855397 203.19693206623626
233.28160404955472 203.19693206623626
233.28160404955472 206.64627983871546
206.64627983871546 176.561607855397
203.19693206623626 233.28160404955472
203.19693206623626 176.561607855397
206.64627983871546 233.28160404955472
174.5376037844124 206.6470632410822
174.5376037844124 203.1961486638695
235.30560812053932 203.1961486638695
235.30560812053932 206.6470632410822
206.6470632410822 174.5376037844124
203.1961486638695 235.30560812053932
203.1961486638695 174.5376037844124
206.6470632410822 235.30560812053932
172.51591223095866 206.64763558697118
172.51591223095866 203.19557631798054
237.32729967399305 203.19557631798054
237.32729967399305 206.64763558697118
206.64763558697118 172.51591223095866
203.19557631798054 237.32729967399305
203.19557631798054 172.51591223095866
206.64763558697118 237.32729967399305
170.49594171342537 206.64807083143808
170.49594171342537 203.19514107351364
239.34727019152635 203.19514107351364
239.34727019152635 206.64807083143808
206.64807083143808 170.49594171342537
203.19514107351364 239.34727019152635
203.19514107351364 170.49594171342537
206.64807083143808 239.34727019152635
168.4773086849679 206.64841781071436
168.4773086849679 203.19479409423738
241.36590321998384 203.19479409423738
241.36590321998384 206.64841781071436
206.64841781071436 168.4773086849679
203.19479409423738 241.36590321998384
203.19479409423738 168.4773086849679
206.64841781071436 241.36590321998384
166.45976357085954 206.64870656921227
166.45976357085954 203.19450533573945
243.38344833409218 203.19450533573945
243.38344833409218 206.64870656921227
206.64870656921227 166.45976357085954
203.19450533573945 243.38344833409218
203.19450533573945 166.45976357085954
206.64870656921227 243.38344833409218
164.4431384942157 206.6489550831335
164.4431384942157 203.19425682181821
245.400073410736 203.19425682181821
245.400073410736 206.6489550831335
206.6489550831335 164.4431384942157
203.19425682181821 245.400073410736
203.19425682181821 164.4431384942157
206.6489550831335 245.400073410736
162.4273146458658 206.64917419035177
162.4273146458658 203.19403771459994
247.4158972590859 203.19403771459994
247.4158972590859 206.64917419035177
206.64917419035177 162.4273146458658
203.19403771459994 247.4158972590859
203.19403771459994 162.4273146458658
206.64917419035177 247.4158972590859
160.41220322997376 206.64937066953098
160.41220322997376 203.19384123542073
249.43100867497796 203.19384123542073
249.43100867497796 206.64937066953098
206.64937066953098 160.41220322997376
203.19384123542073 249.43100867497796
203.19384123542073 160.41220322997376
206.64937066953098 249.43100867497796
158.39773463679578 206.6495490010907
158.39773463679578 203.19366290386105
251.44547726815594 203.19366290386105
251.44547726815594 206.6495490010907
206.6495490010907 158.39773463679578
203.19366290386105 251.44547726815594
203.19366290386105 158.39773463679578
206.6495490010907 251.44547726815594
156.3838522504371 206.6497123289527
156.3838522504371 203.19349957599903
253.45935965451463 203.19349957599903
253.45935965451463 206.6497123289527
206.6497123289527 156.3838522504371
203.19349957599903 253.45935965451463
203.19349957599903 156.3838522504371
206.6497123289527 253.45935965451463
154.3705087791948 206.64986297952348
154.3705087791948 203.19334892542824
255.4727031257569 203.19334892542824
255.4727031257569 206.64986297952348
206.64986297952348 154.3705087791948
203.19334892542824 255.4727031257569
203.19334892542824 154.3705087791948
206.64986297952348 255.4727031257569
152.35766395680383 206.65000274723744
152.35766395680383 203.1932091577143
257.4855479481479 203.1932091577143
257.4855479481479 206.65000274723744
206.65000274723744 152.35766395680383
203.1932091577143 257.4855479481479
203.1932091577143 152.35766395680383
206.65000274723744 257.4855479481479
150.34528301040655 206.65013305902968
150.34528301040655 203.19307884592203
259.49792889454517 203.19307884592203
259.49792889454517 206.65013305902968
206.65013305902968 150.34528301040655
203.19307884592203 259.49792889454517
203.19307884592203 150.34528301040655
206.65013305902968 259.49792889454517
148.33333558025578 206.6502550750812
148.33333558025578 203.19295682987052
261.50987632469594 203.19295682987052
261.50987632469594 206.6502550750812
206.6502550750812 148.33333558025578
203.19295682987052 261.50987632469594
203.19295682987052 148.33333558025578
206.6502550750812 261.50987632469594
146.32179492291195 206.65036975456567
146.32179492291195 203.19284215038607
263.5214169820398 203.19284215038607
263.5214169820398 206.65036975456567
206.65036975456567 146.32179492291195
203.19284215038607 263.5214169820398
203.19284215038607 146.32179492291195
206.65036975456567 263.5214169820398
144.31063730353168 206.650477900974
144.31063730353168 203.19273400397773
265.53257460142004 203.19273400397773
265.53257460142004 206.650477900974
206.650477900974 144.31063730353168
203.19273400397773 265.53257460142004
203.19273400397773 144.31063730353168
206.650477900974 265.53257460142004
142.29984152081957 206.65058019471832
142.29984152081957 203.1926317102334
267.5433703841322 203.1926317102334
267.5433703841322 206.65058019471832
206.65058019471832 142.29984152081957
203.1926317102334 267.5433703841322
203.1926317102334 142.29984152081957
206.65058019471832 267.5433703841322
140.28938852869805 206.65067721733803
140.28938852869805 203.1925346876137
269.55382337625366 203.1925346876137
269.55382337625366 206.65067721733803
206.65067721733803 140.28938852869805
203.1925346876137 269.55382337625366
203.1925346876137 140.28938852869805
206.65067721733803 269.55382337625366
138.27926113052587 206.65076946990038
138.27926113052587 203.19244243505133
271.56395077442585 203.19244243505133
271.56395077442585 206.65076946990038
206.65076946990038 138.27926113052587
203.19244243505133 271.56395077442585
203.19244243505133 138.27926113052587
206.65076946990038 271.56395077442585
136.2694437289155 206.6508573872466
136.2694437289155 203.19235451770513
273.57376817603625 203.19235451770513
273.57376817603625 206.6508573872466
206.6508573872466 136.2694437289155
203.19235451770513 273.57376817603625
203.19235451770513 136.2694437289155
206.6508573872466 273.57376817603625
134.25992211888834 206.65094134918732
134.25992211888834 203.1922705557644
275.5832897860634 203.1922705557644
275.5832897860634 206.65094134918732
206.65094134918732 134.25992211888834
203.1922705557644 275.5832897860634
203.1922705557644 134.25992211888834
206.65094134918732 275.5832897860634
132.25068331528445 206.65102168941235
132.25068331528445 203.19219021553937
277.59252858966727 203.19219021553937
277.59252858966727 206.65102168941235
206.65102168941235 132.25068331528445
203.19219021553937 277.59252858966727
203.19219021553937 132.25068331528445
206.65102168941235 277.59252858966727
130.24171540757257 206.6510987026594
130.24171540757257 203.19211320229232
279.6014964973791 203.19211320229232
279.6014964973791 206.6510987026594
206.6510987026594 130.24171540757257
203.19211320229232 279.6014964973791
203.19211320229232 130.24171540757257
206.6510987026594 279.6014964973791
128.2330074368082 206.65117265053888
128.2330074368082 203.19203925441283
281.6102044681435 203.19203925441283
281.6102044681435 206.65117265053888
206.65117265053888 128.2330074368082
203.19203925441283 281.6102044681435
203.19203925441283 128.2330074368082
206.65117265053888 281.6102044681435
126.22454929066181 206.65124376630837
126.22454929066181 203.19196813864335
283.6186626142899 203.19196813864335
283.6186626142899 206.65124376630837
206.65124376630837 126.22454929066181
203.19196813864335 283.6186626142899
203.19196813864335 126.22454929066181
206.65124376630837 283.6186626142899
124.21633161331499 206.65131225881703
124.21633161331499 203.1918996461347
285.6268802916367 203.1918996461347
285.6268802916367 206.65131225881703
206.65131225881703 124.21633161331499
203.1918996461347 285.6268802916367
203.1918996461347 124.21633161331499
206.65131225881703 285.6268802916367
122.20834572768383 206.6513783157886
122.20834572768383 203.1918335891631
287.6348661772679 203.1918335891631
287.6348661772679 206.6513783157886
206.6513783157886 122.20834572768383
203.1918335891631 287.6348661772679
203.1918335891631 122.20834572768383
206.6513783157886 287.6348661772679
120.2005835679345 206.65144210657186
120.2005835679345 203.19176979837985
289.64262833701724 203.19176979837985
289.64262833701724 206.65144210657186
206.65144210657186 120.2005835679345
203.19176979837985 289.64262833701724
203.19176979837985 120.2005835679345
206.65144210657186 289.64262833701724
118.19303762064824 206.65150378445912
118.19303762064824 203.1917081204926
291.6501742843035 203.1917081204926
291.6501742843035 206.65150378445912
206.65150378445912 118.19303762064824
203.1917081204926 291.6501742843035
203.1917081204926 118.19303762064824
206.65150378445912 291.6501742843035
116.18570087329805 206.65156348865224
116.18570087329805 203.19164841629947
293.65751103165366 203.19164841629947
293.65751103165366 206.65156348865224
206.65156348865224 116.18570087329805
203.19164841629947 293.65751103165366
203.19164841629947 116.18570087329805
206.65156348865224 293.65751103165366
114.17856676894118 206.65162134593817
114.17856676894118 203.19159055901355
295.66464513601056 203.19159055901355
295.66464513601056 206.65162134593817
206.65162134593817 114.17856676894118
203.19159055901355 295.66464513601056
203.19159055901355 114.17856676894118
206.65162134593817 295.66464513601056
112.17162916622263 206.65167747212436
112.17162916622263 203.19153443282735
297.6715827387291 203.19153443282735
297.6715827387291 206.65167747212436
206.65167747212436 112.17162916622263
203.19153443282735 297.6715827387291
203.19153443282735 112.17162916622263
206.65167747212436 297.6715827387291
110.16488230393897 206.651731973274
110.16488230393897 203.19147993167772
299.67832960101276 203.19147993167772
299.67832960101276 206.651731973274
206.651731973274 110.16488230393897
203.19147993167772 299.67832960101276
203.19147993167772 110.16488230393897
206.651731973274 299.67832960101276
108.15832076953517 206.6517849467739
108.15832076953517 203.19142695817786
301.68489113541654 203.19142695817786
301.68489113541654 206.6517849467739
206.6517849467739 108.15832076953517
203.19142695817786 301.68489113541654
203.19142695817786 108.15832076953517
206.6517849467739 301.68489113541654
106.15193947100839 206.65183648226107
106.15193947100839 203.19137542269067
303.6912724339433 203.19137542269067
303.6912724339433 206.65183648226107
206.65183648226107 106.15193947100839
203.19137542269067 303.6912724339433
203.19137542269067 106.15193947100839
206.65183648226107 303.6912724339433
104.1457336117744 206.65188666243043
104.1457336117744 203.1913252425213
305.6974782931773 203.1913252425213
305.6974782931773 206.65188666243043
206.65188666243043 104.1457336117744
203.1913252425213 305.6974782931773
203.1913252425213 104.1457336117744
206.65188666243043 305.6974782931773
102.13969866812026 206.65193556374075
102.13969866812026 203.19127634121097
307.70351323683144 203.19127634121097
307.70351323683144 206.65193556374075
206.65193556374075 102.13969866812026
203.19127634121097 307.70351323683144
203.19127634121097 102.13969866812026
206.65193556374075 307.70351323683144
100.13383036892276 206.65198325703452
100.13383036892276 203.1912286479172
309.70938153602896 203.1912286479172
309.70938153602896 206.65198325703452
206.65198325703452 100.13383036892276
203.1912286479172 309.70938153602896
203.1912286479172 100.13383036892276
206.65198325703452 309.70938153602896
98.12812467735849 206.65202980808343
98.12812467735849 203.1911820968683
311.71508722759324 203.1911820968683
311.71508722759324 206.65202980808343
206.65202980808343 98.12812467735849
203.1911820968683 311.71508722759324
203.1911820968683 98.12812467735849
206.65202980808343 311.71508722759324
96.12257777437031 206.65207527807024
96.12257777437031 203.19113662688147
313.7206341305814 203.19113662688147
313.7206341305814 206.65207527807024
206.65207527807024 96.12257777437031
203.19113662688147 313.7206341305814
203.19113662688147 96.12257777437031
206.65207527807024 313.7206341305814
94.11718604368752 206.65211972401585
94.11718604368752 203.1910921809359
315.7260258612642 203.1910921809359
315.7260258612642 206.65211972401585
206.65211972401585 94.11718604368752
203.1910921809359 315.7260258612642
203.1910921809359 94.11718604368752
206.65211972401585 315.7260258612642
92.11194605822428 206.6521631991582
92.11194605822428 203.19104870579352
317.73126584672747 203.19104870579352
317.73126584672747 206.6521631991582
206.6521631991582 92.11194605822428
203.19104870579352 317.73126584672747
203.19104870579352 92.11194605822428
206.6521631991582 317.73126584672747
90.10685456770425 206.65220575329042
90.10685456770425 203.1910061516613
319.73635733724745 203.1910061516613
319.73635733724745 206.65220575329042
206.65220575329042 90.10685456770425
203.1910061516613 319.73635733724745
203.1910061516613 90.10685456770425
206.65220575329042 319.73635733724745
88.1019084873791 206.65224743306229
88.1019084873791 203.19096447188943
321.7413034175726 203.19096447188943
321.7413034175726 206.65224743306229
206.65224743306229 88.1019084873791
203.19096447188943 321.7413034175726
203.19096447188943 88.1019084873791
206.65224743306229 321.7413034175726
86.09710488772515 206.65228828225042
86.09710488772515 203.1909236227013
323.74610701722656 203.1909236227013
323.74610701722656 206.65228828225042
206.65228828225042 86.09710488772515
203.1909236227013 323.74610701722656
203.1909236227013 86.09710488772515
206.65228828225042 323.74610701722656
84.09244098501684 206.6523283420008
84.09244098501684 203.19088356295092
325.7507709199349 203.19088356295092
325.7507709199349 206.6523283420008
206.6523283420008 84.09244098501684
203.19088356295092 325.7507709199349
203.19088356295092 84.09244098501684
206.6523283420008 325.7507709199349
82.08791413268824 206.65236765104675
82.08791413268824 203.19084425390497
327.7552977722635 203.19084425390497
327.7552977722635 206.65236765104675
206.65236765104675 82.08791413268824
203.19084425390497 327.7552977722635
203.19084425390497 82.08791413268824
206.65236765104675 327.7552977722635
80.08352181340435 206.6524062459056
80.08352181340435 203.1908056590461
329.7596900915474 203.1908056590461
329.7596900915474 206.6524062459056
206.6524062459056 80.08352181340435
203.1908056590461 329.7596900915474
203.1908056590461 80.08352181340435
206.6524062459056 329.7596900915474
78.07926163177271 206.6524441610564
78.07926163177271 203.19076774389532
331.76395027317903 203.19076774389532
331.76395027317903 206.6524441610564
206.6524441610564 78.07926163177271
203.19076774389532 331.76395027317903
203.19076774389532 78.07926163177271
206.6524441610564 331.76395027317903
76.07513130763463 206.6524814291006
76.07513130763463 203.19073047585113
333.76808059731707 203.19073047585113
333.76808059731707 206.6524814291006
206.6524814291006 76.07513130763463
203.19073047585113 333.76808059731707
203.19073047585113 76.07513130763463
206.6524814291006 333.76808059731707
74.07112866988149 206.65251808090815
74.07112866988149 203.19069382404356
335.7720832350702 203.19069382404356
335.7720832350702 206.65251808090815
206.65251808090815 74.07112866988149
203.19069382404356 335.7720832350702
203.19069382404356 74.07112866988149
206.65251808090815 335.7720832350702
72.06725165074792 206.65255414575006
72.06725165074792 203.19065775920166
337.7759602542038 203.19065775920166
337.7759602542038 206.65255414575006
206.65255414575006 72.06725165074792
203.19065775920166 337.7759602542038
203.19065775920166 72.06725165074792
206.65255414575006 337.7759602542038
70.063498280539 206.65258965141916
70.063498280539 203.19062225353255
339.7797136244127 203.19062225353255
339.7797136244127 206.65258965141916
206.65258965141916 70.063498280539
203.19062225353255 339.7797136244127
203.19062225353255 70.063498280539
206.65258965141916 339.7797136244127
68.05986668275304 206.65262462434038
68.05986668275304 203.19058728061134
341.7833452221987 203.19058728061134
341.7833452221987 206.65262462434038
206.65262462434038 68.05986668275304
203.19058728061134 341.7833452221987
203.19058728061134 68.05986668275304
206.65262462434038 341.7833452221987
66.05635506956561 206.6526590896714
66.05635506956561 203.1905528152803
343.7868568353861 203.1905528152803
343.7868568353861 206.6526590896714
206.6526590896714 66.05635506956561
203.1905528152803 343.7868568353861
203.1905528152803 66.05635506956561
206.6526590896714 343.7868568353861
64.0529617376443 206.652693071395
64.0529617376443 203.19051883355672
345.7902501673074 203.19051883355672
345.7902501673074 206.652693071395
206.652693071395 64.0529617376443
203.19051883355672 345.7902501673074
203.19051883355672 64.0529617376443
206.652693071395 345.7902501673074
62.04968506426622 206.65272659240358
62.04968506426622 203.19048531254813
347.7935268406855 203.19048531254813
347.7935268406855 206.65272659240358
206.65272659240358 62.04968506426622
203.19048531254813 347.7935268406855
203.19048531254813 62.04968506426622
206.65272659240358 347.7935268406855
60.046523503713985 206.65275967457694
60.046523503713985 203.19045223037477
349.79668840123776 203.19045223037477
349.79668840123776 206.65275967457694
206.65275967457694 60.046523503713985
203.19045223037477 349.79668840123776
203.19045223037477 60.046523503713985
206.65275967457694 349.79668840123776
58.04347558392724 206.65279233885389
58.04347558392724 203.19041956609783
351.79973632102445 203.19041956609783
351.79973632102445 206.65279233885389
206.65279233885389 58.04347558392724
203.19041956609783 351.79973632102445
203.19041956609783 58.04347558392724
206.65279233885389 351.79973632102445
56.0405399033901 206.65282460529804
56.0405399033901 203.19038729965368
353.80267200156163 203.19038729965368
353.80267200156163 206.65282460529804
206.65282460529804 56.0405399033901
203.19038729965368 353.80267200156163
203.19038729965368 56.0405399033901
206.65282460529804 353.80267200156163
54.03771512823596 206.65285649315894
54.03771512823596 203.19035541179278
355.80549677671576 203.19035541179278
355.80549677671576 206.65285649315894
206.65285649315894 54.03771512823596
203.19035541179278 355.80549677671576
203.19035541179278 54.03771512823596
206.65285649315894 355.80549677671576
52.034999989553434 206.65288802092826
52.034999989553434 203.19032388402346
357.8082119153983 203.19032388402346
357.8082119153983 206.65288802092826
206.65288802092826 52.034999989553434
203.19032388402346 357.8082119153983
203.19032388402346 52.034999989553434
206.65288802092826 357.8082119153983
50.032393280878345 206.65291920639214
50.032393280878345 203.19029269855957
359.81081862407336 203.19029269855957
359.81081862407336 206.65291920639214
206.65291920639214 50.032393280878345
203.19029269855957 359.81081862407336
203.19029269855957 50.032393280878345
206.65291920639214 359.81081862407336
48.029893855858404 206.65295006667947
48.029893855858404 203.19026183827225
361.8133180490933 203.19026183827225
361.8133180490933 206.65295006667947
206.65295006667947 48.029893855858404
203.19026183827225 361.8133180490933
203.19026183827225 48.029893855858404
206.65295006667947 361.8133180490933
46.02750062607818 206.65298061830705
46.02750062607818 203.19023128664466
363.81571127887355 203.19023128664466
363.81571127887355 206.65298061830705
206.65298061830705 46.02750062607818
203.19023128664466 363.81571127887355
203.19023128664466 46.02750062607818
206.65298061830705 363.81571127887355
44.02521255903335 206.65301087722156
44.02521255903335 203.19020102773015
365.8179993459184 203.19020102773015
365.8179993459184 206.65301087722156
206.65301087722156 44.02521255903335
203.19020102773015 365.8179993459184
203.19020102773015 44.02521255903335
206.65301087722156 365.8179993459184
42.023028676244 206.65304085883855
42.023028676244 203.19017104611316
367.8201832287077 203.19017104611316
367.8201832287077 206.65304085883855
206.65304085883855 42.023028676244
203.19017104611316 367.8201832287077
203.19017104611316 42.023028676244
206.65304085883855 367.8201832287077
40.02094805149779 206.65307057807914
40.02094805149779 203.19014132687258
369.82226385345393 203.19014132687258
369.82226385345393 206.65307057807914
206.65307057807914 40.02094805149779
203.19014132687258 369.82226385345393
203.19014132687258 40.02094805149779
206.65307057807914 369.82226385345393
38.01896980921457 206.65310004940412
38.01896980921457 203.1901118555476
371.82424209573713 203.1901118555476
371.82424209573713 206.65310004940412
206.65310004940412 38.01896980921457
203.1901118555476 371.82424209573713
203.1901118555476 38.01896980921457
206.65310004940412 371.82424209573713
36.01709312292489 206.65312928684605
36.01709312292489 203.19008261810566
373.8261187820268 203.19008261810566
373.8261187820268 206.65312928684605
206.65312928684605 36.01709312292489
203.19008261810566 373.8261187820268
203.19008261810566 36.01709312292489
206.65312928684605 373.8261187820268
34.01531721385528 206.65315830403955
34.01531721385528 203.19005360091217
375.82789469109645 203.19005360091217
375.82789469109645 206.65315830403955
206.65315830403955 34.01531721385528
203.19005360091217 375.82789469109645
203.19005360091217 34.01531721385528
206.65315830403955 375.82789469109645
32.01364134961413 206.65318711424945
32.01364134961413 203.19002479070227
377.82957055533757 203.19002479070227
377.82957055533757 206.65318711424945
206.65318711424945 32.01364134961413
203.19002479070227 377.82957055533757
203.19002479070227 32.01364134961413
206.65318711424945 377.82957055533757
30.012064842972183 206.6532157303977
30.012064842972183 203.189996174554
379.83114706197955 203.189996174554
379.83114706197955 206.6532157303977
206.6532157303977 30.012064842972183
203.189996174554 379.83114706197955
203.189996174554 30.012064842972183
206.6532157303977 379.83114706197955
28.01058705073254 206.65324416508864
28.01058705073254 203.18996773986308
381.8326248542192 203.18996773986308
381.8326248542192 206.65324416508864
206.65324416508864 28.01058705073254
203.18996773986308 381.8326248542192
203.18996773986308 28.01058705073254
206.65324416508864 381.8326248542192
26.009207372685307 206.65327243063288
26.009207372685307 203.18993947431883
383.8340045322664 203.18993947431883
383.8340045322664 206.65327243063288
206.65327243063288 26.009207372685307
203.18993947431883 383.8340045322664
203.18993947431883 26.009207372685307
206.65327243063288 383.8340045322664
24.00792525064246 206.65330053907016
24.00792525064246 203.18991136588156
385.83528665430924 203.18991136588156
385.83528665430924 206.65330053907016
206.65330053907016 24.00792525064246
203.18991136588156 385.83528665430924
203.18991136588156 24.00792525064246
206.65330053907016 385.83528665430924
22.00674016754906 206.6533285021908
22.00674016754906 203.18988340276093
387.8364717374027 203.18988340276093
387.8364717374027 206.6533285021908
206.6533285021908 22.00674016754906
203.18988340276093 387.8364717374027
203.18988340276093 22.00674016754906
206.6533285021908 387.8364717374027
20.005651646667076 206.6533563315565
20.005651646667076 203.18985557339522
389.83756025828467 203.18985557339522
389.83756025828467 206.6533563315565
206.6533563315565 20.005651646667076
203.18985557339522 389.83756025828467
203.18985557339522 20.005651646667076
206.6533563315565 389.83756025828467
18.004659250828695 206.65338403851996
18.004659250828695 203.18982786643176
391.838552654123 203.18982786643176
391.838552654123 206.65338403851996
206.65338403851996 18.004659250828695
203.18982786643176 391.838552654123
203.18982786643176 18.004659250828695
206.65338403851996 391.838552654123
16.003762581756042 206.65341163424375
16.003762581756042 203.189800270708
393.83944932319565 203.189800270708
393.83944932319565 206.65341163424375
206.65341163424375 16.003762581756042
203.189800270708 393.83944932319565
203.189800270708 16.003762581756042
206.65341163424375 393.83944932319565
14.002961279444722 206.6534391297185
14.002961279444722 203.18977277523322
395.840250625507 203.18977277523322
395.840250625507 206.6534391297185
206.6534391297185 14.002961279444722
203.18977277523322 395.840250625507
203.18977277523322 14.002961279444722
206.6534391297185 395.840250625507
12.002255021608734 206.65346653578044
12.002255021608734 203.1897453691713
397.840956883343 203.1897453691713
397.840956883343 206.65346653578044
206.65346653578044 12.002255021608734
203.1897453691713 397.840956883343
203.1897453691713 12.002255021608734
206.65346653578044 397.840956883343
10.001643523184702 206.65349386312812
10.001643523184702 203.1897180418236
399.84156838176705 203.1897180418236
399.84156838176705 206.65349386312812
206.65349386312812 10.001643523184702
203.1897180418236 399.84156838176705
203.1897180418236 10.001643523184702
206.65349386312812 399.84156838176705
8.001126535893457 206.65352112233907
8.001126535893457 203.18969078261267
401.8420853690583 203.18969078261267
401.8420853690583 206.65352112233907
206.65352112233907 8.001126535893457
203.18969078261267 401.8420853690583
203.18969078261267 8.001126535893457
206.65352112233907 401.8420853690583
6.000703847857357 206.6535483238854
6.000703847857357 203.18966358106633
403.8425080570944 203.18966358106633
403.8425080570944 206.6535483238854
206.6535483238854 6.000703847857357
203.18966358106633 403.8425080570944
203.18966358106633 6.000703847857357
206.6535483238854 403.8425080570944
4.000375283271875 206.65357547814958
4.000375283271875 203.18963642680214
405.84283662167985 203.18963642680214
405.84283662167985 206.65357547814958
206.65357547814958 4.000375283271875
203.18963642680214 405.84283662167985
203.18963642680214 4.000375283271875
206.65357547814958 405.84283662167985
2.000140702130228 206.65360259543954
2.000140702130228 203.1896093095122
407.8430712028215 203.1896093095122
407.8430712028215 206.65360259543954
206.65360259543954 2.000140702130228
203.1896093095122 407.8430712028215
203.1896093095122 2.000140702130228
206.65360259543954 407.8430712028215
409.8432119049517 206.65362968600348
409.8432119049517 203.18958221894823
206.65362968600348 409.8432119049517
203.18958221894823 409.8432119049517
211.84345248503072 204.92160595247586
197.999759419921 204.92160595247586
204.92160595247586 197.999759419921
204.92160595247586 211.84345248503072
213.86183220889913 204.92160595247586
195.98137969605258 204.92160595247586
204.92160595247586 195.98137969605258
204.92160595247586 213.86183220889913
215.89722821339743 204.92160595247586
193.94598369155432 204.92160595247586
204.92160595247586 193.94598369155432
204.92160595247586 215.89722821339743
217.9462437399253 204.92160595247586
191.8969681650264 204.92160595247586
204.92160595247586 191.8969681650264
204.92160595247586 217.9462437399253
220.00332576122887 204.92160595247586
189.83988614372285 204.92160595247586
204.92160595247586 189.83988614372285
204.92160595247586 220.00332576122887
222.06202974396936 204.92160595247586
187.78118216098235 204.92160595247586
204.92160595247586 187.78118216098235
204.92160595247586 222.06202974396936
224.11695459521843 204.92160595247586
185.72625730973328 204.92160595247586
204.92160595247586 185.72625730973328
204.92160595247586 224.11695459521843
226.16506742208136 204.92160595247586
183.67814448287035 204.92160595247586
204.92160595247586 183.67814448287035
204.92160595247586 226.16506742208136
228.20574041274466 204.92160595247586
181.63747149220706 204.92160595247586
204.92160595247586 181.63747149220706
204.92160595247586 228.20574041274466
230.23987898441686 204.92160595247586
179.60333292053488 204.92160595247586
204.92160595247586 179.60333292053488
204.92160595247586 230.23987898441686
232.26893431754772 204.92160595247586
177.574277587404 204.92160595247586
204.92160595247586 177.574277587404
204.92160595247586 232.26893431754772
234.29427378156174 204.92160595247586
175.54893812338997 204.92160595247586
204.92160595247586 175.54893812338997
204.92160595247586 234.29427378156174
236.31694245951692 204.92160595247586
173.5262694454348 204.92160595247586
204.92160595247586 173.5262694454348
204.92160595247586 236.31694245951692
238.33765688846918 204.92160595247586
171.50555501648253 204.92160595247586
204.92160595247586 171.50555501648253
204.92160595247586 238.33765688846918
240.3568834945835 204.92160595247586
169.4863284103682 204.92160595247586
204.92160595247586 169.4863284103682
204.92160595247586 240.3568834945835
242.37492294538413 204.92160595247586
167.4682889595676 204.92160595247586
204.92160595247586 167.4682889595676
204.92160595247586 242.37492294538413
244.3919737228002 204.92160595247586
165.4512381821515 204.92160595247586
204.92160595247586 165.4512381821515
204.92160595247586 244.3919737228002
246.40817309867182 204.92160595247586
163.4350388062799 204.92160595247586
204.92160595247586 163.4350388062799
204.92160595247586 246.40817309867182
248.4236214195 204.92160595247586
161.41959048545172 204.92160595247586
204.92160595247586 161.41959048545172
204.92160595247586 248.4236214195
250.4383959304559 204.92160595247586
159.40481597449582 204.92160595247586
204.92160595247586 159.40481597449582
204.92160595247586 250.4383959304559
252.452558605856 204.92160595247586
157.39065329909573 204.92160595247586
204.92160595247586 157.39065329909573
204.92160595247586 252.452558605856
254.46616070317327 204.92160595247586
155.37705120177844 204.92160595247586
204.92160595247586 155.37705120177844
204.92160595247586 254.46616070317327
256.47924554834054 204.92160595247586
153.36396635661114 204.92160595247586
204.92160595247586 153.36396635661114
204.92160595247586 256.47924554834054
258.49185034795516 204.92160595247586
151.35136155699652 204.92160595247586
204.92160595247586 151.35136155699652
204.92160595247586 258.49185034795516
260.5040074411352 204.92160595247586
149.33920446381654 204.92160595247586
204.92160595247586 149.33920446381654
204.92160595247586 260.5040074411352
262.5157452082567 204.92160595247586
147.327466696695 204.92160595247586
204.92160595247586 147.327466696695
204.92160595247586 262.5157452082567
264.5270887558229 204.92160595247586
145.31612314912886 204.92160595247586
204.92160595247586 145.31612314912886
204.92160595247586 264.5270887558229
266.5380604470172 204.92160595247586
143.30515145793453 204.92160595247586
204.92160595247586 143.30515145793453
204.92160595247586 266.5380604470172
268.5486803212471 204.92160595247586
141.29453158370458 204.92160595247586
204.92160595247586 141.29453158370458
204.92160595247586 268.5486803212471
270.5589664312602 204.92160595247586
139.2842454736915 204.92160595247586
204.92160595247586 139.2842454736915
204.92160595247586 270.5589664312602
272.5689351175915 204.92160595247586
137.2742767873602 204.92160595247586
204.92160595247586 137.2742767873602
204.92160595247586 272.5689351175915
274.57860123448097 204.92160595247586
135.26461067047074 204.92160595247586
204.92160595247586 135.26461067047074
204.92160595247586 274.57860123448097
276.58797833764584 204.92160595247586
133.2552335673059 204.92160595247586
204.92160595247586 133.2552335673059
204.92160595247586 276.58797833764584
278.59707884168876 204.92160595247586
131.246133063263 204.92160595247586
204.92160595247586 131.246133063263
204.92160595247586 278.59707884168876
280.60591415306953 204.92160595247586
129.23729775188218 204.92160595247586
204.92160595247586 129.23729775188218
204.92160595247586 280.60591415306953
282.6144947832175 204.92160595247586
127.22871712173425 204.92160595247586
204.92160595247586 127.22871712173425
204.92160595247586 282.6144947832175
284.62283044536235 204.92160595247586
125.22038145958938 204.92160595247586
204.92160595247586 125.22038145958938
204.92160595247586 284.62283044536235
286.6309301379111 204.92160595247586
123.21228176704062 204.92160595247586
204.92160595247586 123.21228176704062
204.92160595247586 286.6309301379111
288.6388022166247 204.92160595247586
121.20440968832703 204.92160595247586
204.92160595247586 121.20440968832703
204.92160595247586 288.6388022166247
290.64645445740973 204.92160595247586
119.19675744754197 204.92160595247586
204.92160595247586 119.19675744754197
204.92160595247586 290.64645445740973
292.6538941111972 204.92160595247586
117.18931779375451 204.92160595247586
204.92160595247586 117.18931779375451
204.92160595247586 292.6538941111972
294.6611279521101 204.92160595247586
115.1820839528416 204.92160595247586
204.92160595247586 115.1820839528416
204.92160595247586 294.6611279521101
296.66816231991095 204.92160595247586
113.17504958504077 204.92160595247586
204.92160595247586 113.17504958504077
204.92160595247586 296.66816231991095
298.6750031575472 204.92160595247586
111.1682087474045 204.92160595247586
204.92160595247586 111.1682087474045
204.92160595247586 298.6750031575472
300.6816560444783 204.92160595247586
109.16155586047343 204.92160595247586
204.92160595247586 109.16155586047343
204.92160595247586 300.6816560444783
302.6881262263548 204.92160595247586
107.15508567859689 204.92160595247586
204.92160595247586 107.15508567859689
204.92160595247586 302.6881262263548
304.69441864153185 204.92160595247586
105.14879326341988 204.92160595247586
204.92160595247586 105.14879326341988
204.92160595247586 304.69441864153185
306.70053794482277 204.92160595247586
103.14267396012893 204.92160595247586
204.92160595247586 103.14267396012893
204.92160595247586 306.70053794482277
308.7064885288401 204.92160595247586
101.1367233761116 204.92160595247586
204.92160595247586 101.1367233761116
204.92160595247586 308.7064885288401
310.7122745432178 204.92160595247586
99.13093736173391 204.92160595247586
204.92160595247586 99.13093736173391
204.92160595247586 310.7122745432178
312.7178999119687 204.92160595247586
97.12531199298304 204.92160595247586
204.92160595247586 97.12531199298304
204.92160595247586 312.7178999119687
314.7233683491942 204.92160595247586
95.11984355575757 204.92160595247586
204.92160595247586 95.11984355575757
204.92160595247586 314.7233683491942
316.72868337333426 204.92160595247586
93.11452853161748 204.92160595247586
204.92160595247586 93.11452853161748
204.92160595247586 316.72868337333426
318.73384832012067 204.92160595247586
91.10936358483107 204.92160595247586
204.92160595247586 91.10936358483107
204.92160595247586 318.73384832012067
320.7388663543743 204.92160595247586
89.1043455505774 204.92160595247586
204.92160595247586 89.1043455505774
204.92160595247586 320.7388663543743
322.74374048077095 204.92160595247586
87.09947142418079 204.92160595247586
204.92160595247586 87.09947142418079
204.92160595247586 322.74374048077095
324.74847355368223 204.92160595247586
85.09473835126951 204.92160595247586
204.92160595247586 85.09473835126951
204.92160595247586 324.74847355368223
326.75306828618756 204.92160595247586
83.09014361876416 204.92160595247586
204.92160595247586 83.09014361876416
204.92160595247586 326.75306828618756
328.7575272583394 204.92160595247586
81.08568464661234 204.92160595247586
204.92160595247586 81.08568464661234
204.92160595247586 328.7575272583394
330.7618529247554 204.92160595247586
79.08135898019637 204.92160595247586
204.92160595247586 79.08135898019637
204.92160595247586 330.7618529247554
332.7660476216027 204.92160595247586
77.07716428334905 204.92160595247586
204.92160595247586 77.07716428334905
204.92160595247586 332.7660476216027
334.7701135730315 204.92160595247586
75.0730983319202 204.92160595247586
204.92160595247586 75.0730983319202
204.92160595247586 334.7701135730315
336.77405289710896 204.92160595247586
73.06915900784276 204.92160595247586
204.92160595247586 73.06915900784276
204.92160595247586 336.77405289710896
338.77786761129863 204.92160595247586
71.06534429365307 204.92160595247586
204.92160595247586 71.06534429365307
204.92160595247586 338.77786761129863
340.7815596375268 204.92160595247586
69.06165226742493 204.92160595247586
204.92160595247586 69.06165226742493
204.92160595247586 340.7815596375268
342.7851308068706 204.92160595247586
67.05808109808113 204.92160595247586
204.92160595247586 67.05808109808113
204.92160595247586 342.7851308068706
344.78858286390164 204.92160595247586
65.05462904105009 204.92160595247586
204.92160595247586 65.05462904105009
204.92160595247586 344.78858286390164
346.7919174707132 204.92160595247586
63.05129443423849 204.92160595247586
204.92160595247586 63.05129443423849
204.92160595247586 346.7919174707132
348.79513621065774 204.92160595247586
61.048075694293956 204.92160595247586
204.92160595247586 61.048075694293956
204.92160595247586 348.79513621065774
350.7982405918177 204.92160595247586
59.04497131313402 204.92160595247586
204.92160595247586 59.04497131313402
204.92160595247586 350.7982405918177
352.80123205023125 204.92160595247586
57.041979854720466 204.92160595247586
204.92160595247586 57.041979854720466
204.92160595247586 352.80123205023125
354.804111952892 204.92160595247586
55.03909995205973 204.92160595247586
204.92160595247586 55.03909995205973
204.92160595247586 354.804111952892
356.80688160053955 204.92160595247586
53.03633030441219 204.92160595247586
204.92160595247586 53.03633030441219
204.92160595247586 356.80688160053955
358.809542230257 204.92160595247586
51.03366967469468 204.92160595247586
204.92160595247586 51.03366967469468
204.92160595247586 358.809542230257
360.8120950178897 204.92160595247586
49.03111688706202 204.92160595247586
204.92160595247586 49.03111688706202
204.92160595247586 360.8120950178897
362.8145410802969 204.92160595247586
47.02867082465478 204.92160595247586
204.92160595247586 47.02867082465478
204.92160595247586 362.8145410802969
364.8168814774502 204.92160595247586
45.02633042750157 204.92160595247586
204.92160595247586 45.02633042750157
204.92160595247586 364.8168814774502
366.8191172143866 204.92160595247586
43.024094690565136 204.92160595247586
204.92160595247586 43.024094690565136
204.92160595247586 366.8191172143866
368.82124924302883 204.92160595247586
41.02196266192288 204.92160595247586
204.92160595247586 41.02196266192288
204.92160595247586 368.82124924302883
370.82327846387903 204.92160595247586
39.0199334410727 204.92160595247586
204.92160595247586 39.0199334410727
204.92160595247586 370.82327846387903
372.8252057275953 204.92160595247586
37.01800617735643 204.92160595247586
204.92160595247586 37.01800617735643
204.92160595247586 372.8252057275953
374.8270318364584 204.92160595247586
35.01618006849334 204.92160595247586
204.92160595247586 35.01618006849334
204.92160595247586 374.8270318364584
376.8287575457345 204.92160595247586
33.01445435921723 204.92160595247586
204.92160595247586 33.01445435921723
204.92160595247586 376.8287575457345
378.8303835649407 204.92160595247586
31.012828340011037 204.92160595247586
204.92160595247586 31.012828340011037
204.92160595247586 378.8303835649407
380.8319105590184 204.92160595247586
29.011301345933326 204.92160595247586
204.92160595247586 29.011301345933326
204.92160595247586 380.8319105590184
382.83333914941994 204.92160595247586
27.009872755531752 204.92160595247586
204.92160595247586 27.009872755531752
204.92160595247586 382.83333914941994
384.83466991511284 204.92160595247586
25.008541989838857 204.92160595247586
204.92160595247586 25.008541989838857
204.92160595247586 384.83466991511284
386.83590339350565 204.92160595247586
23.007308511446066 204.92160595247586
204.92160595247586 23.007308511446066
204.92160595247586 386.83590339350565
388.8370400812997 204.92160595247586
21.006171823652053 204.92160595247586
204.92160595247586 21.006171823652053
204.92160595247586 388.8370400812997
390.8380804352696 204.92160595247586
19.005131469682098 204.92160595247586
204.92160595247586 19.005131469682098
204.92160595247586 390.8380804352696
392.83902487297644 204.92160595247586
17.00418703197529 204.92160595247586
204.92160595247586 17.00418703197529
204.92160595247586 392.83902487297644
394.8398737734149 204.92160595247586
15.003338131536797 204.92160595247586
204.92160595247586 15.003338131536797
204.92160595247586 394.8398737734149
396.84062747759907 204.92160595247586
13.002584427352648 204.92160595247586
204.92160595247586 13.002584427352648
204.92160595247586 396.84062747759907
398.8412862890869 204.92160595247586
11.001925615864822 204.92160595247586
204.92160595247586 11.001925615864822
204.92160595247586 398.8412862890869
400.84185047444714 204.92160595247586
9.001361430504584 204.92160595247586
204.92160595247586 9.001361430504584
204.92160595247586 400.84185047444714
402.84232026366936 204.92160595247586
7.000891641282331 204.92160595247586
204.92160595247586 7.000891641282331
204.92160595247586 402.84232026366936
404.84269585051936 204.92160595247586
5.000516054432383 204.92160595247586
204.92160595247586 5.000516054432383
204.92160595247586 404.84269585051936
406.84297739284034 204.92160595247586
3.0002345121113674 204.92160595247586
204.92160595247586 3.0002345121113674
204.92160595247586 406.84297739284034
408.8431650128026 204.92160595247586
1.0000468921490888 204.92160595247586
204.92160595247586 1.0000468921490888
204.92160595247586 408.8431650128026
208.853457605054 206.853457605054
200.98975429989773 206.853457605054
208.853457605054 202.98975429989773
200.98975429989773 202.98975429989773
206.853457605054 208.853457605054
202.98975429989773 208.853457605054
206.853457605054 200.98975429989773
202.98975429989773 200.98975429989773
208.853457605054 208.853457605054
208.853457605054 200.98975429989773
200.98975429989773 200.98975429989773
200.98975429989773 208.853457605054
204.92160595247586 206.33581951484896
204.92160595247586 203.50739239010278
203.50739239010278 204.92160595247586
206.33581951484896 204.92160595247586
204.92160595247586 208.33581951484896
204.92160595247586 201.50739239010278
201.50739239010278 204.92160595247586
208.33581951484896 204.92160595247586
