# Core: boro
# Chain: circle
# Phi: 0.7
# Layers: 10
# Precision: 15
# Bisection precision: 1E-100
# Final value of delta after bisection search: 0.033225527797683188710999390052496628619529277752587885929404374819896599899158266605120587152499393302787524582895335058149522502420061922014226468520942243234237819737996459791740014316301939283858756
# Distance precision: 1E-98
# Number of contacts: 340
# System length: 49.838523017364636
18.997414976127455 28.651312316251197
18.997414976127455 21.18721070111344
30.84110804123718 21.18721070111344
30.84110804123718 28.651312316251197
28.651312316251197 18.997414976127455
21.18721070111344 30.84110804123718
21.18721070111344 18.997414976127455
28.651312316251197 30.84110804123718
16.998149652017407 28.597107484260427
16.998149652017407 21.24141553310421
32.840373365347226 21.24141553310421
32.840373365347226 28.597107484260427
28.597107484260427 16.998149652017407
21.24141553310421 32.840373365347226
21.24141553310421 16.998149652017407
28.597107484260427 32.840373365347226
14.998730144130587 28.548924173024826
14.998730144130587 21.28959884433981
34.839792873234046 21.28959884433981
34.839792873234046 28.548924173024826
28.548924173024826 14.998730144130587
21.28959884433981 34.839792873234046
21.28959884433981 14.998730144130587
28.548924173024826 34.839792873234046
12.999174588443992 28.50676281959696
12.999174588443992 21.331760197767675
36.839348428920644 21.331760197767675
36.839348428920644 28.50676281959696
28.50676281959696 12.999174588443992
21.331760197767675 36.839348428920644
21.331760197767675 12.999174588443992
28.50676281959696 36.839348428920644
10.999501122168656 28.470623806406497
10.999501122168656 21.36789921095814
38.839021895195984 21.36789921095814
38.839021895195984 28.470623806406497
28.470623806406497 10.999501122168656
21.36789921095814 38.839021895195984
21.36789921095814 10.999501122168656
28.470623806406497 38.839021895195984
8.999727883585136 28.440507461256736
8.999727883585136 21.3980155561079
40.8387951337795 21.3980155561079
40.8387951337795 28.440507461256736
28.440507461256736 8.999727883585136
21.3980155561079 40.8387951337795
21.3980155561079 8.999727883585136
28.440507461256736 40.8387951337795
6.999873011878986 28.41641405732163
6.999873011878986 21.422108960043005
42.83865000548565 21.422108960043005
42.83865000548565 28.41641405732163
28.41641405732163 6.999873011878986
21.422108960043005 42.83865000548565
21.422108960043005 6.999873011878986
28.41641405732163 42.83865000548565
4.9999546469762235 28.39834381314333
4.9999546469762235 21.440179204221305
44.83856837038841 21.440179204221305
44.83856837038841 28.39834381314333
28.39834381314333 4.9999546469762235
21.440179204221305 44.83856837038841
21.440179204221305 4.9999546469762235
28.39834381314333 44.83856837038841
2.9999909293787894 28.386296892630167
2.9999909293787894 21.452226124734466
46.83853208798585 21.452226124734466
46.83853208798585 28.386296892630167
28.386296892630167 2.9999909293787894
21.452226124734466 46.83853208798585
21.452226124734466 2.9999909293787894
28.386296892630167 46.83853208798585
1.0 28.3802734050552
1.0 21.458249612309434
48.838523017364636 21.458249612309434
48.838523017364636 28.3802734050552
28.3802734050552 1.0
21.458249612309434 48.838523017364636
21.458249612309434 1.0
28.3802734050552 48.838523017364636
18.997414976127455 26.651312316251197
18.997414976127455 23.18721070111344
30.84110804123718 23.18721070111344
30.84110804123718 26.651312316251197
26.651312316251197 18.997414976127455
23.18721070111344 30.84110804123718
23.18721070111344 18.997414976127455
26.651312316251197 30.84110804123718
16.911795087167427 26.59897263167175
16.911795087167427 23.239550385692887
32.92672793019721 23.239550385692887
32.92672793019721 26.59897263167175
26.59897263167175 16.911795087167427
23.239550385692887 32.92672793019721
23.239550385692887 16.911795087167427
26.59897263167175 32.92672793019721
14.699164490025183 26.571486331048394
14.699164490025183 23.26703668631624
35.13935852733945 23.26703668631624
35.13935852733945 26.571486331048394
26.571486331048394 14.699164490025183
23.26703668631624 35.13935852733945
23.26703668631624 14.699164490025183
26.571486331048394 35.13935852733945
12.459249852909975 26.581021071605157
12.459249852909975 23.257501945759476
37.37927316445466 23.257501945759476
37.37927316445466 26.581021071605157
26.581021071605157 12.459249852909975
23.257501945759476 37.37927316445466
23.257501945759476 12.459249852909975
26.581021071605157 37.37927316445466
10.273388686655329 26.60708933369264
10.273388686655329 23.231433683671995
39.565134330709306 23.231433683671995
39.565134330709306 26.60708933369264
26.60708933369264 10.273388686655329
23.231433683671995 39.565134330709306
23.231433683671995 10.273388686655329
26.60708933369264 39.565134330709306
8.158138170609226 26.626195813547575
8.158138170609226 23.21232720381706
41.68038484675541 23.21232720381706
41.68038484675541 26.626195813547575
26.626195813547575 8.158138170609226
23.21232720381706 41.68038484675541
23.21232720381706 8.158138170609226
26.626195813547575 41.68038484675541
6.089310024589741 26.63571895535193
6.089310024589741 23.202804062012707
43.74921299277489 23.202804062012707
43.74921299277489 26.63571895535193
26.63571895535193 6.089310024589741
23.202804062012707 43.74921299277489
23.202804062012707 6.089310024589741
26.63571895535193 43.74921299277489
4.045112988639453 26.640994272640732
4.045112988639453 23.1975287447239
45.793410028725184 23.1975287447239
45.793410028725184 26.640994272640732
26.640994272640732 4.045112988639453
23.1975287447239 45.793410028725184
23.1975287447239 4.045112988639453
26.640994272640732 45.793410028725184
2.016391689297184 26.644880074372434
2.016391689297184 23.193642942992202
47.82213132806745 23.193642942992202
47.82213132806745 26.644880074372434
26.644880074372434 2.016391689297184
23.193642942992202 47.82213132806745
23.193642942992202 2.016391689297184
26.644880074372434 47.82213132806745
49.838523017364636 26.648222597486324
49.838523017364636 23.190300419878312
26.648222597486324 49.838523017364636
23.190300419878312 49.838523017364636
31.84110804123718 24.919261508682318
17.997414976127455 24.919261508682318
24.919261508682318 17.997414976127455
24.919261508682318 31.84110804123718
34.012347819157235 24.919261508682318
15.8261751982074 24.919261508682318
24.919261508682318 15.8261751982074
24.919261508682318 34.012347819157235
36.266369235521665 24.919261508682318
13.572153781842967 24.919261508682318
24.919261508682318 13.572153781842967
24.919261508682318 36.266369235521665
38.49217709338765 24.919261508682318
11.346345923976985 24.919261508682318
24.919261508682318 11.346345923976985
24.919261508682318 38.49217709338765
40.63809156803096 24.919261508682318
9.200431449333674 24.919261508682318
24.919261508682318 9.200431449333674
24.919261508682318 40.63809156803096
42.72267812547986 24.919261508682318
7.115844891884777 24.919261508682318
24.919261508682318 7.115844891884777
24.919261508682318 42.72267812547986
44.77574786006993 24.919261508682318
5.0627751572947055 24.919261508682318
24.919261508682318 5.0627751572947055
24.919261508682318 44.77574786006993
46.81107219738043 24.919261508682318
3.027450819984199 24.919261508682318
24.919261508682318 3.027450819984199
24.919261508682318 46.81107219738043
48.833190458754466 24.919261508682318
1.0053325586101685 24.919261508682318
24.919261508682318 1.0053325586101685
24.919261508682318 48.833190458754466
28.851113161260454 26.851113161260454
20.987409856104183 26.851113161260454
28.851113161260454 22.987409856104183
20.987409856104183 22.987409856104183
26.851113161260454 28.851113161260454
22.987409856104183 28.851113161260454
26.851113161260454 20.987409856104183
22.987409856104183 20.987409856104183
28.851113161260454 28.851113161260454
28.851113161260454 20.987409856104183
20.987409856104183 20.987409856104183
20.987409856104183 28.851113161260454
24.919261508682318 26.333475071055414
24.919261508682318 23.505047946309222
23.505047946309222 24.919261508682318
26.333475071055414 24.919261508682318
24.919261508682318 28.333475071055414
24.919261508682318 21.505047946309222
21.505047946309222 24.919261508682318
28.333475071055414 24.919261508682318
