# Core: kahle
# Chain: geometric
# Phi: 0.7
# Layers: 5
# Precision: 15
# Bisection precision: 1E-100
# Final value of delta after bisection search: 0.12095594065482344125846639869584102759860392062174443125177270681839388049937078606451190501306056003866073276796507521383845511075221082185649043161510185863837219342174264706653109443806097938797075
# Distance precision: 1E-98
# Number of contacts: 164
# System length: 25.451518000277975
16.457809807707864 16.457809807707864
8.993708192570109 16.457809807707864
16.457809807707864 8.993708192570109
8.993708192570109 8.993708192570109
6.997114154771903 16.341138267782082
6.997114154771903 9.110379732495893
18.45440384550607 9.110379732495893
18.45440384550607 16.341138267782082
16.341138267782082 6.997114154771903
9.110379732495893 18.45440384550607
9.110379732495893 6.997114154771903
16.341138267782082 18.45440384550607
4.998782350899493 16.25946818983403
4.998782350899493 9.192049810443942
20.452735649378482 9.192049810443942
20.452735649378482 16.25946818983403
16.25946818983403 4.998782350899493
9.192049810443942 20.452735649378482
9.192049810443942 4.998782350899493
16.25946818983403 20.452735649378482
2.9995995930706094 16.202299135270398
2.9995995930706094 9.249218865007576
22.451918407207366 9.249218865007576
22.451918407207366 16.202299135270398
16.202299135270398 2.9995995930706094
9.249218865007576 22.451918407207366
9.249218865007576 2.9995995930706094
16.202299135270398 22.451918407207366
1.0 16.162280797075855
1.0 9.28923720320212
24.451518000277975 9.28923720320212
24.451518000277975 16.162280797075855
16.162280797075855 1.0
9.28923720320212 24.451518000277975
9.28923720320212 1.0
16.162280797075855 24.451518000277975
8.993708192570109 14.457809807707864
8.993708192570109 10.993708192570109
16.457809807707864 10.993708192570109
16.457809807707864 14.457809807707864
14.457809807707864 8.993708192570109
10.993708192570109 16.457809807707864
10.993708192570109 8.993708192570109
14.457809807707864 16.457809807707864
6.8247536294902655 14.34857914712226
6.8247536294902655 11.102938853155713
18.626764370787708 11.102938853155713
18.626764370787708 14.34857914712226
14.34857914712226 6.8247536294902655
11.102938853155713 18.626764370787708
11.102938853155713 6.8247536294902655
14.34857914712226 18.626764370787708
4.464407245211152 14.332179097242944
4.464407245211152 11.119338903035029
20.98711075506682 11.119338903035029
20.98711075506682 14.332179097242944
14.332179097242944 4.464407245211152
11.119338903035029 20.98711075506682
11.119338903035029 4.464407245211152
14.332179097242944 20.98711075506682
2.1596660643245555 14.387220165283637
2.1596660643245555 11.064297834994337
23.291851935953417 11.064297834994337
23.291851935953417 14.387220165283637
14.387220165283637 2.1596660643245555
11.064297834994337 23.291851935953417
11.064297834994337 2.1596660643245555
14.387220165283637 23.291851935953417
25.451518000277975 14.430229989506977
25.451518000277975 11.021288010770997
14.430229989506977 25.451518000277975
11.021288010770997 25.451518000277975
17.457809807707864 12.725759000138988
7.993708192570109 12.725759000138988
12.725759000138988 7.993708192570109
12.725759000138988 17.457809807707864
19.79571893386755 12.725759000138988
5.655799066410421 12.725759000138988
12.725759000138988 5.655799066410421
12.725759000138988 19.79571893386755
22.17850257626609 12.725759000138988
3.273015424011884 12.725759000138988
12.725759000138988 3.273015424011884
12.725759000138988 22.17850257626609
24.405201295640747 12.725759000138988
1.0463167046372275 12.725759000138988
12.725759000138988 1.0463167046372275
12.725759000138988 24.405201295640747
13.725759000138988 13.725759000138988
13.725759000138988 11.725759000138988
11.725759000138988 11.725759000138988
11.725759000138988 13.725759000138988
12.725759000138988 15.457809807707864
12.725759000138988 9.993708192570109
9.993708192570109 12.725759000138988
15.457809807707864 12.725759000138988
