# Core: kahle
# Chain: geometric
# Phi: 0.7
# Layers: 50
# Precision: 15
# Bisection precision: 1E-100
# Final value of delta after bisection search: 8.359442463726662828171529108072236911091006483592445833787558862944384420772170833596636538775892439048232175761631048781063072915824570666963076933719258786910299090635269115363091166846606721996194E-9
# Distance precision: 1E-98
# Number of contacts: 1604
# System length: 205.45776488738176
106.46093325125976 106.46093325125976
98.996831636122 106.46093325125976
106.46093325125976 98.996831636122
98.996831636122 98.996831636122
96.99844771647052 106.3805484910226
96.99844771647052 99.07721639635918
108.45931717091123 99.07721639635918
108.45931717091123 106.3805484910226
106.3805484910226 96.99844771647052
99.07721639635918 108.45931717091123
99.07721639635918 96.99844771647052
106.3805484910226 108.45931717091123
94.99923943260974 106.32427915885657
94.99923943260974 99.13348572852519
110.45852545477203 99.13348572852519
110.45852545477203 106.32427915885657
106.32427915885657 94.99923943260974
99.13348572852519 110.45852545477203
99.13348572852519 94.99923943260974
106.32427915885657 110.45852545477203
92.99962733435012 106.28489062634036
92.99962733435012 99.1728742610414
112.45813755303163 99.1728742610414
112.45813755303163 106.28489062634036
106.28489062634036 92.99962733435012
99.1728742610414 112.45813755303163
99.1728742610414 92.99962733435012
106.28489062634036 112.45813755303163
90.99981739680155 106.257318653579
90.99981739680155 99.20044623380275
114.45794749058021 99.20044623380275
114.45794749058021 106.257318653579
106.257318653579 90.99981739680155
99.20044623380275 114.45794749058021
99.20044623380275 90.99981739680155
106.257318653579 114.45794749058021
88.99991052514581 106.23801827264606
88.99991052514581 99.2197466147357
116.45785436223595 99.2197466147357
116.45785436223595 106.23801827264606
106.23801827264606 88.99991052514581
99.2197466147357 116.45785436223595
99.2197466147357 88.99991052514581
106.23801827264606 116.45785436223595
86.99995615749265 106.224508005993
86.99995615749265 99.23325688138875
118.45780872988912 99.23325688138875
118.45780872988912 106.224508005993
106.224508005993 86.99995615749265
99.23325688138875 118.45780872988912
99.23325688138875 86.99995615749265
106.224508005993 118.45780872988912
84.9999785172125 106.21505081933586
84.9999785172125 99.2427140680459
120.45778637016926 99.2427140680459
120.45778637016926 106.21505081933586
106.21505081933586 84.9999785172125
99.2427140680459 120.45778637016926
99.2427140680459 84.9999785172125
106.21505081933586 120.45778637016926
82.99998947344399 106.20843078867586
82.99998947344399 99.2493340987059
122.45777541393777 99.2493340987059
122.45777541393777 106.20843078867586
106.20843078867586 82.99998947344399
99.2493340987059 122.45777541393777
99.2493340987059 82.99998947344399
106.20843078867586 122.45777541393777
80.99999484198993 106.20379676721386
80.99999484198993 99.2539681201679
124.45777004539184 99.2539681201679
124.45777004539184 106.20379676721386
106.20379676721386 80.99999484198993
99.2539681201679 124.45777004539184
99.2539681201679 80.99999484198993
106.20379676721386 124.45777004539184
78.99999747257563 106.20055295219046
78.99999747257563 99.25721193519131
126.45776741480613 99.25721193519131
126.45776741480613 106.20055295219046
106.20055295219046 78.99999747257563
99.25721193519131 126.45776741480613
99.25721193519131 78.99999747257563
106.20055295219046 126.45776741480613
76.9999987615622 106.19828228167408
76.9999987615622 99.25948260570769
128.45776612581957 99.25948260570769
128.45776612581957 106.19828228167408
106.19828228167408 76.9999987615622
99.25948260570769 128.45776612581957
99.25948260570769 76.9999987615622
106.19828228167408 128.45776612581957
74.99999939316551 106.19669281231262
74.99999939316551 99.26107207506915
130.45776549421626 99.26107207506915
130.45776549421626 106.19669281231262
106.19669281231262 74.99999939316551
99.26107207506915 130.45776549421626
99.26107207506915 74.99999939316551
106.19669281231262 130.45776549421626
72.99999970265111 106.19558018375959
72.99999970265111 99.26218470362217
132.45776518473065 99.26218470362217
132.45776518473065 106.19558018375959
106.19558018375959 72.99999970265111
99.26218470362217 132.45776518473065
99.26218470362217 72.99999970265111
106.19558018375959 132.45776518473065
70.99999985429905 106.19480134377247
70.99999985429905 99.26296354360929
134.45776503308272 99.26296354360929
134.45776503308272 106.19480134377247
106.19480134377247 70.99999985429905
99.26296354360929 134.45776503308272
99.26296354360929 70.99999985429905
106.19480134377247 134.45776503308272
68.99999992860653 106.19425615578149
68.99999992860653 99.26350873160027
136.45776495877521 99.26350873160027
136.45776495877521 106.19425615578149
106.19425615578149 68.99999992860653
99.26350873160027 136.45776495877521
99.26350873160027 68.99999992860653
106.19425615578149 136.45776495877521
66.9999999650172 106.19387452418779
66.9999999650172 99.26389036319397
138.45776492236456 99.26389036319397
138.45776492236456 106.19387452418779
106.19387452418779 66.9999999650172
99.26389036319397 138.45776492236456
99.26389036319397 66.9999999650172
106.19387452418779 138.45776492236456
64.99999998285843 106.19360738207222
64.99999998285843 99.26415750530954
140.45776490452334 99.26415750530954
140.45776490452334 106.19360738207222
106.19360738207222 64.99999998285843
99.26415750530954 140.45776490452334
99.26415750530954 64.99999998285843
106.19360738207222 140.45776490452334
62.99999999160063 106.19342038259131
62.99999999160063 99.26434450479046
142.45776489578114 99.26434450479046
142.45776489578114 106.19342038259131
106.19342038259131 62.99999999160063
99.26434450479046 142.45776489578114
99.26434450479046 62.99999999160063
106.19342038259131 142.45776489578114
60.99999999588431 106.19328948295467
60.99999999588431 99.26447540442709
144.45776489149745 99.26447540442709
144.45776489149745 106.19328948295467
106.19328948295467 60.99999999588431
99.26447540442709 144.45776489149745
99.26447540442709 60.99999999588431
106.19328948295467 144.45776489149745
58.99999999798331 106.19319785320903
58.99999999798331 99.26456703417273
146.45776488939845 99.26456703417273
146.45776488939845 106.19319785320903
106.19319785320903 58.99999999798331
99.26456703417273 146.45776488939845
99.26456703417273 58.99999999798331
106.19319785320903 146.45776488939845
56.99999999901182 106.19313371238708
56.99999999901182 99.26463117499468
148.45776488836995 99.26463117499468
148.45776488836995 106.19313371238708
106.19313371238708 56.99999999901182
99.26463117499468 148.45776488836995
99.26463117499468 56.99999999901182
106.19313371238708 148.45776488836995
54.99999999951579 106.19308881381171
54.99999999951579 99.26467607357004
150.45776488786598 99.26467607357004
150.45776488786598 106.19308881381171
106.19308881381171 54.99999999951579
99.26467607357004 150.45776488786598
99.26467607357004 54.99999999951579
106.19308881381171 150.45776488786598
52.999999999762736 106.19305738480895
52.999999999762736 99.2647075025728
152.45776488761902 99.2647075025728
152.45776488761902 106.19305738480895
106.19305738480895 52.999999999762736
99.2647075025728 152.45776488761902
99.2647075025728 52.999999999762736
106.19305738480895 152.45776488761902
50.99999999988374 106.19303538450703
50.99999999988374 99.26472950287473
154.45776488749803 99.26472950287473
154.45776488749803 106.19303538450703
106.19303538450703 50.99999999988374
99.26472950287473 154.45776488749803
99.26472950287473 50.99999999988374
106.19303538450703 154.45776488749803
48.999999999943036 106.19301998429567
48.999999999943036 99.26474490308608
156.4577648874387 99.26474490308608
156.4577648874387 106.19301998429567
106.19301998429567 48.999999999943036
99.26474490308608 156.4577648874387
99.26474490308608 48.999999999943036
106.19301998429567 156.4577648874387
46.99999999997209 106.19300920414773
46.99999999997209 99.26475568323403
158.45776488740967 99.26475568323403
158.45776488740967 106.19300920414773
106.19300920414773 46.99999999997209
99.26475568323403 158.45776488740967
99.26475568323403 46.99999999997209
106.19300920414773 158.45776488740967
44.99999999998632 106.19300165804417
44.99999999998632 99.26476322933759
160.45776488739543 99.26476322933759
160.45776488739543 106.19300165804417
106.19300165804417 44.99999999998632
99.26476322933759 160.45776488739543
99.26476322933759 44.99999999998632
106.19300165804417 160.45776488739543
42.9999999999933 106.19299637577167
42.9999999999933 99.26476851161009
162.45776488738846 99.26476851161009
162.45776488738846 106.19299637577167
106.19299637577167 42.9999999999933
99.26476851161009 162.45776488738846
99.26476851161009 42.9999999999933
106.19299637577167 162.45776488738846
40.99999999999672 106.19299267818093
40.99999999999672 99.26477220920083
164.45776488738505 99.26477220920083
164.45776488738505 106.19299267818093
106.19299267818093 40.99999999999672
99.26477220920083 164.45776488738505
99.26477220920083 40.99999999999672
106.19299267818093 164.45776488738505
38.999999999998394 106.19299008986741
38.999999999998394 99.26477479751435
166.45776488738338 99.26477479751435
166.45776488738338 106.19299008986741
106.19299008986741 38.999999999998394
99.26477479751435 166.45776488738338
99.26477479751435 38.999999999998394
106.19299008986741 166.45776488738338
36.99999999999921 106.19298827804795
36.99999999999921 99.26477660933382
168.45776488738255 99.26477660933382
168.45776488738255 106.19298827804795
106.19298827804795 36.99999999999921
99.26477660933382 168.45776488738255
99.26477660933382 36.99999999999921
106.19298827804795 168.45776488738255
34.999999999999616 106.19298700977431
34.999999999999616 99.26477787760744
170.45776488738215 99.26477787760744
170.45776488738215 106.19298700977431
106.19298700977431 34.999999999999616
99.26477787760744 170.45776488738215
99.26477787760744 34.999999999999616
106.19298700977431 170.45776488738215
32.99999999999981 106.19298612198278
32.99999999999981 99.26477876539899
172.45776488738196 99.26477876539899
172.45776488738196 106.19298612198278
106.19298612198278 32.99999999999981
99.26477876539899 172.45776488738196
99.26477876539899 32.99999999999981
106.19298612198278 172.45776488738196
30.999999999999908 106.1929855005287
30.999999999999908 99.26477938685305
174.45776488738184 99.26477938685305
174.45776488738184 106.1929855005287
106.1929855005287 30.999999999999908
99.26477938685305 174.45776488738184
99.26477938685305 30.999999999999908
106.1929855005287 174.45776488738184
28.999999999999954 106.19298506551085
28.999999999999954 99.26477982187092
176.4577648873818 99.26477982187092
176.4577648873818 106.19298506551085
106.19298506551085 28.999999999999954
99.26477982187092 176.4577648873818
99.26477982187092 28.999999999999954
106.19298506551085 176.4577648873818
26.99999999999998 106.19298476099836
26.99999999999998 99.26478012638341
178.45776488738179 99.26478012638341
178.45776488738179 106.19298476099836
106.19298476099836 26.99999999999998
99.26478012638341 178.45776488738179
99.26478012638341 26.99999999999998
106.19298476099836 178.45776488738179
24.99999999999999 106.1929845478396
24.99999999999999 99.26478033954216
180.45776488738179 99.26478033954216
180.45776488738179 106.1929845478396
106.1929845478396 24.99999999999999
99.26478033954216 180.45776488738179
99.26478033954216 24.99999999999999
106.1929845478396 180.45776488738179
22.999999999999993 106.19298439862848
22.999999999999993 99.26478048875327
182.45776488738176 99.26478048875327
182.45776488738176 106.19298439862848
106.19298439862848 22.999999999999993
99.26478048875327 182.45776488738176
99.26478048875327 22.999999999999993
106.19298439862848 182.45776488738176
20.999999999999996 106.19298429418069
20.999999999999996 99.26478059320107
184.45776488738176 99.26478059320107
184.45776488738176 106.19298429418069
106.19298429418069 20.999999999999996
99.26478059320107 184.45776488738176
99.26478059320107 20.999999999999996
106.19298429418069 184.45776488738176
19.0 106.19298422106725
19.0 99.26478066631452
186.45776488738176 99.26478066631452
186.45776488738176 106.19298422106725
106.19298422106725 19.0
99.26478066631452 186.45776488738176
99.26478066631452 19.0
106.19298422106725 186.45776488738176
17.0 106.19298416988782
17.0 99.26478071749393
188.45776488738176 99.26478071749393
188.45776488738176 106.19298416988782
106.19298416988782 17.0
99.26478071749393 188.45776488738176
99.26478071749393 17.0
106.19298416988782 188.45776488738176
15.0 106.19298413406224
15.0 99.26478075331953
190.45776488738176 99.26478075331953
190.45776488738176 106.19298413406224
106.19298413406224 15.0
99.26478075331953 190.45776488738176
99.26478075331953 15.0
106.19298413406224 190.45776488738176
13.0 106.19298410898432
13.0 99.26478077839744
192.45776488738176 99.26478077839744
192.45776488738176 106.19298410898432
106.19298410898432 13.0
99.26478077839744 192.45776488738176
99.26478077839744 13.0
106.19298410898432 192.45776488738176
11.0 106.19298409142978
11.0 99.26478079595198
194.45776488738176 99.26478079595198
194.45776488738176 106.19298409142978
106.19298409142978 11.0
99.26478079595198 194.45776488738176
99.26478079595198 11.0
106.19298409142978 194.45776488738176
9.0 106.19298407914161
9.0 99.26478080824016
196.45776488738176 99.26478080824016
196.45776488738176 106.19298407914161
106.19298407914161 9.0
99.26478080824016 196.45776488738176
99.26478080824016 9.0
106.19298407914161 196.45776488738176
7.0 106.19298407053988
7.0 99.26478081684188
198.45776488738176 99.26478081684188
198.45776488738176 106.19298407053988
106.19298407053988 7.0
99.26478081684188 198.45776488738176
99.26478081684188 7.0
106.19298407053988 198.45776488738176
5.0 106.19298406451868
5.0 99.26478082286309
200.45776488738176 99.26478082286309
200.45776488738176 106.19298406451868
106.19298406451868 5.0
99.26478082286309 200.45776488738176
99.26478082286309 5.0
106.19298406451868 200.45776488738176
3.0 106.19298406030383
3.0 99.26478082707793
202.45776488738176 99.26478082707793
202.45776488738176 106.19298406030383
106.19298406030383 3.0
99.26478082707793 202.45776488738176
99.26478082707793 3.0
106.19298406030383 202.45776488738176
1.0 106.19298405735344
1.0 99.26478083002833
204.45776488738176 99.26478083002833
204.45776488738176 106.19298405735344
106.19298405735344 1.0
99.26478083002833 204.45776488738176
99.26478083002833 1.0
106.19298405735344 204.45776488738176
98.996831636122 104.46093325125976
98.996831636122 100.996831636122
106.46093325125976 100.996831636122
106.46093325125976 104.46093325125976
104.46093325125976 98.996831636122
100.996831636122 106.46093325125976
100.996831636122 98.996831636122
104.46093325125976 106.46093325125976
96.87464013141245 104.38438424881151
96.87464013141245 101.07338063857024
108.58312475596932 101.07338063857024
108.58312475596932 104.38438424881151
104.38438424881151 96.87464013141245
101.07338063857024 108.58312475596932
101.07338063857024 96.87464013141245
104.38438424881151 108.58312475596932
94.60117483658725 104.3642932973276
94.60117483658725 101.09347159005416
110.85659005079451 101.09347159005416
110.85659005079451 104.3642932973276
104.3642932973276 94.60117483658725
101.09347159005416 110.85659005079451
101.09347159005416 94.60117483658725
104.3642932973276 110.85659005079451
92.34409421231537 104.3953731413947
92.34409421231537 101.06239174598707
113.11367067506639 101.06239174598707
113.11367067506639 104.3953731413947
104.3953731413947 92.34409421231537
101.06239174598707 113.11367067506639
101.06239174598707 92.34409421231537
104.3953731413947 113.11367067506639
90.18666484339641 104.43008497260367
90.18666484339641 101.0276799147781
115.27110004398534 101.0276799147781
115.27110004398534 104.43008497260367
104.43008497260367 90.18666484339641
101.0276799147781 115.27110004398534
101.0276799147781 90.18666484339641
104.43008497260367 115.27110004398534
88.11062293888084 104.44660330427189
88.11062293888084 101.01116158310987
117.34714194850092 101.01116158310987
117.34714194850092 104.44660330427189
104.44660330427189 88.11062293888084
101.01116158310987 117.34714194850092
101.01116158310987 88.11062293888084
104.44660330427189 117.34714194850092
86.07214374560215 104.45273936185745
86.07214374560215 101.00502552552432
119.38562114177961 101.00502552552432
119.38562114177961 104.45273936185745
104.45273936185745 86.07214374560215
101.00502552552432 119.38562114177961
101.00502552552432 86.07214374560215
104.45273936185745 119.38562114177961
84.04895642031826 104.45563132097315
84.04895642031826 101.00213356640862
121.4088084670635 101.00213356640862
121.4088084670635 104.45563132097315
104.45563132097315 84.04895642031826
101.00213356640862 121.4088084670635
101.00213356640862 84.04895642031826
104.45563132097315 121.4088084670635
82.0336731573787 104.45736460565878
82.0336731573787 101.00040028172297
123.42409173000306 101.00040028172297
123.42409173000306 104.45736460565878
104.45736460565878 82.0336731573787
101.00040028172297 123.42409173000306
101.00040028172297 82.0336731573787
104.45736460565878 123.42409173000306
80.02330586859847 104.45849488809507
80.02330586859847 100.99926999928668
125.43445901878329 100.99926999928668
125.43445901878329 104.45849488809507
104.45849488809507 80.02330586859847
100.99926999928668 125.43445901878329
100.99926999928668 80.02330586859847
104.45849488809507 125.43445901878329
78.01619051228427 104.45925347625811
78.01619051228427 100.99851141112364
127.4415743750975 100.99851141112364
127.4415743750975 104.45925347625811
104.45925347625811 78.01619051228427
100.99851141112364 127.4415743750975
100.99851141112364 78.01619051228427
104.45925347625811 127.4415743750975
76.01127469251531 104.45977006851957
76.01127469251531 100.9979948188622
129.44649019486644 100.9979948188622
129.44649019486644 104.45977006851957
104.45977006851957 76.01127469251531
100.9979948188622 129.44649019486644
100.9979948188622 76.01127469251531
104.45977006851957 129.44649019486644
74.00786413864786 104.46012503743505
74.00786413864786 100.99763984994671
131.4499007487339 100.99763984994671
131.4499007487339 104.46012503743505
104.46012503743505 74.00786413864786
100.99763984994671 131.4499007487339
100.99763984994671 74.00786413864786
104.46012503743505 131.4499007487339
72.00549130010444 104.46037038743405
72.00549130010444 100.9973944999477
133.45227358727732 100.9973944999477
133.45227358727732 104.46037038743405
104.46037038743405 72.00549130010444
100.9973944999477 133.45227358727732
100.9973944999477 72.00549130010444
104.46037038743405 133.45227358727732
70.00383731073045 104.4605406405358
70.00383731073045 100.99722424684596
135.45392757665132 100.99722424684596
135.45392757665132 104.4605406405358
104.4605406405358 70.00383731073045
100.99722424684596 135.45392757665132
100.99722424684596 70.00383731073045
104.4605406405358 135.45392757665132
68.00268290355612 104.46065910007778
68.00268290355612 100.997105787304
137.45508198382564 100.997105787304
137.45508198382564 104.46065910007778
104.46065910007778 68.00268290355612
100.997105787304 137.45508198382564
100.997105787304 68.00268290355612
104.46065910007778 137.45508198382564
66.00187646284824 104.46074167457184
66.00187646284824 100.99702321280994
139.45588842453353 100.99702321280994
139.45588842453353 104.46074167457184
104.46074167457184 66.00187646284824
100.99702321280994 139.45588842453353
100.99702321280994 66.00187646284824
104.46074167457184 139.45588842453353
64.00131275517049 104.46079930809144
64.00131275517049 100.99696557929032
141.45645213221127 100.99696557929032
141.45645213221127 104.46079930809144
104.46079930809144 64.00131275517049
100.99696557929032 141.45645213221127
100.99696557929032 64.00131275517049
104.46079930809144 141.45645213221127
62.00091855053746 104.46083956943333
62.00091855053746 100.99692531794842
143.4568463368443 100.99692531794842
143.4568463368443 104.46083956943333
104.46083956943333 62.00091855053746
100.99692531794842 143.4568463368443
100.99692531794842 62.00091855053746
104.46083956943333 143.4568463368443
60.00064279819324 104.46086771230439
60.00064279819324 100.99689717507736
145.45712208918852 100.99689717507736
145.45712208918852 104.46086771230439
104.46086771230439 60.00064279819324
100.99689717507736 145.45712208918852
100.99689717507736 60.00064279819324
104.46086771230439 145.45712208918852
58.000449864900276 104.46088739273905
58.000449864900276 100.9968774946427
147.45731502248148 100.9968774946427
147.45731502248148 104.46088739273905
104.46088739273905 58.000449864900276
100.9968774946427 147.45731502248148
100.9968774946427 58.000449864900276
104.46088739273905 147.45731502248148
56.000314857269956 104.46090115947146
56.000314857269956 100.9968637279103
149.4574500301118 100.9968637279103
149.4574500301118 104.46090115947146
104.46090115947146 56.000314857269956
100.9968637279103 149.4574500301118
100.9968637279103 56.000314857269956
104.46090115947146 149.4574500301118
54.00022037428688 104.46091079150074
54.00022037428688 100.99685409588102
151.4575445130949 100.99685409588102
151.4575445130949 104.46091079150074
104.46091079150074 54.00022037428688
100.99685409588102 151.4575445130949
100.99685409588102 54.00022037428688
104.46091079150074 151.4575445130949
52.000154247146526 104.46091753162871
52.000154247146526 100.99684735575306
153.45761064023523 100.99684735575306
153.45761064023523 104.46091753162871
104.46091753162871 52.000154247146526
100.99684735575306 153.45761064023523
100.99684735575306 52.000154247146526
104.46091753162871 153.45761064023523
50.000107963510054 104.46092224859572
50.000107963510054 100.99684263878603
155.4576569238717 100.99684263878603
155.4576569238717 104.46092224859572
104.46092224859572 50.000107963510054
100.99684263878603 155.4576569238717
100.99684263878603 50.000107963510054
104.46092224859572 155.4576569238717
48.00007556759089 104.46092554992288
48.00007556759089 100.9968393374589
157.45768931979086 100.9968393374589
157.45768931979086 104.46092554992288
104.46092554992288 48.00007556759089
100.9968393374589 157.45768931979086
100.9968393374589 48.00007556759089
104.46092554992288 157.45768931979086
46.00005289173409 104.46092786058257
46.00005289173409 100.99683702679918
159.45771199564766 100.99683702679918
159.45771199564766 104.46092786058257
104.46092786058257 46.00005289173409
100.99683702679918 159.45771199564766
100.99683702679918 46.00005289173409
104.46092786058257 159.45771199564766
44.00003701926467 104.46092947791244
44.00003701926467 100.99683540946931
161.4577278681171 100.99683540946931
161.4577278681171 104.46092947791244
104.46092947791244 44.00003701926467
100.99683540946931 161.4577278681171
100.99683540946931 44.00003701926467
104.46092947791244 161.4577278681171
42.00002590884489 104.46093060997873
42.00002590884489 100.99683427740304
163.45773897853687 100.99683427740304
163.45773897853687 104.46093060997873
104.46093060997873 42.00002590884489
100.99683427740304 163.45773897853687
100.99683427740304 42.00002590884489
104.46093060997873 163.45773897853687
40.00001813170237 104.46093140239346
40.00001813170237 100.9968334849883
165.4577467556794 100.9968334849883
165.4577467556794 104.46093140239346
104.46093140239346 40.00001813170237
100.9968334849883 165.4577467556794
100.9968334849883 40.00001813170237
104.46093140239346 165.4577467556794
38.00001268777673 104.46093195706825
38.00001268777673 100.99683293031352
167.45775219960504 100.99683293031352
167.45775219960504 104.46093195706825
104.46093195706825 38.00001268777673
100.99683293031352 167.45775219960504
100.99683293031352 38.00001268777673
104.46093195706825 167.45775219960504
36.00000887706512 104.460932345333
36.00000887706512 100.99683254204875
169.45775601031664 100.99683254204875
169.45775601031664 104.460932345333
104.460932345333 36.00000887706512
100.99683254204875 169.45775601031664
100.99683254204875 36.00000887706512
104.460932345333 169.45775601031664
34.00000620958479 104.46093261711461
34.00000620958479 100.99683227026715
171.45775867779696 100.99683227026715
171.45775867779696 104.46093261711461
104.46093261711461 34.00000620958479
100.99683227026715 171.45775867779696
100.99683227026715 34.00000620958479
104.46093261711461 171.45775867779696
32.00000434235728 104.46093280735991
32.00000434235728 100.99683208002185
173.45776054502448 100.99683208002185
173.45776054502448 104.46093280735991
104.46093280735991 32.00000434235728
100.99683208002185 173.45776054502448
100.99683208002185 32.00000434235728
104.46093280735991 173.45776054502448
30.000003035302296 104.46093294053072
30.000003035302296 100.99683194685105
175.45776185207947 100.99683194685105
175.45776185207947 104.46093294053072
104.46093294053072 30.000003035302296
100.99683194685105 175.45776185207947
100.99683194685105 30.000003035302296
104.46093294053072 175.45776185207947
28.000002120365902 104.46093303374985
28.000002120365902 100.9968318536319
177.45776276701585 100.9968318536319
177.45776276701585 104.46093303374985
104.46093303374985 28.000002120365902
100.9968318536319 177.45776276701585
100.9968318536319 28.000002120365902
104.46093303374985 177.45776276701585
26.00000147991145 104.46093309900303
26.00000147991145 100.99683178837873
179.4577634074703 100.99683178837873
179.4577634074703 104.46093309900303
104.46093309900303 26.00000147991145
100.99683178837873 179.4577634074703
100.99683178837873 26.00000147991145
104.46093309900303 179.4577634074703
24.00000103159384 104.46093314468015
24.00000103159384 100.99683174270162
181.45776385578793 100.99683174270162
181.45776385578793 104.46093314468015
104.46093314468015 24.00000103159384
100.99683174270162 181.45776385578793
100.99683174270162 24.00000103159384
104.46093314468015 181.45776385578793
22.00000071777176 104.46093317665408
22.00000071777176 100.99683171072768
183.45776416961002 100.99683171072768
183.45776416961002 104.46093317665408
104.46093317665408 22.00000071777176
100.99683171072768 183.45776416961002
100.99683171072768 22.00000071777176
104.46093317665408 183.45776416961002
20.00000049809642 104.46093319903581
20.00000049809642 100.99683168834595
185.45776438928533 100.99683168834595
185.45776438928533 104.46093319903581
104.46093319903581 20.00000049809642
100.99683168834595 185.45776438928533
100.99683168834595 20.00000049809642
104.46093319903581 185.45776438928533
18.000000344323745 104.460933214703
18.000000344323745 100.99683167267875
187.457764543058 100.99683167267875
187.457764543058 104.460933214703
104.460933214703 18.000000344323745
100.99683167267875 187.457764543058
100.99683167267875 18.000000344323745
104.460933214703 187.457764543058
16.0000002366829 104.46093322567003
16.0000002366829 100.99683166171172
189.45776465069886 100.99683166171172
189.45776465069886 104.46093322567003
104.46093322567003 16.0000002366829
100.99683166171172 189.45776465069886
100.99683166171172 16.0000002366829
104.46093322567003 189.45776465069886
14.000000161334322 104.46093323334695
14.000000161334322 100.9968316540348
191.45776472604743 100.9968316540348
191.45776472604743 104.46093323334695
104.46093323334695 14.000000161334322
100.9968316540348 191.45776472604743
100.9968316540348 14.000000161334322
104.46093323334695 191.45776472604743
12.000000108590324 104.4609332387208
12.000000108590324 100.99683164866096
193.45776477879144 100.99683164866096
193.45776477879144 104.4609332387208
104.4609332387208 12.000000108590324
100.99683164866096 193.45776477879144
100.99683164866096 12.000000108590324
104.4609332387208 193.45776477879144
10.00000007166953 104.46093324248248
10.00000007166953 100.99683164489927
195.45776481571224 100.99683164489927
195.45776481571224 104.46093324248248
104.46093324248248 10.00000007166953
100.99683164489927 195.45776481571224
100.99683164489927 10.00000007166953
104.46093324248248 195.45776481571224
8.000000045824976 104.46093324511567
8.000000045824976 100.99683164226609
197.45776484155678 100.99683164226609
197.45776484155678 104.46093324511567
104.46093324511567 8.000000045824976
100.99683164226609 197.45776484155678
100.99683164226609 8.000000045824976
104.46093324511567 197.45776484155678
6.000000027733789 104.4609332469589
6.000000027733789 100.99683164042287
199.45776485964797 100.99683164042287
199.45776485964797 104.4609332469589
104.4609332469589 6.000000027733789
100.99683164042287 199.45776485964797
100.99683164042287 6.000000027733789
104.4609332469589 199.45776485964797
4.000000015069958 104.46093324824915
4.000000015069958 100.99683163913261
201.4577648723118 100.99683163913261
201.4577648723118 104.46093324824915
104.46093324824915 4.000000015069958
100.99683163913261 201.4577648723118
100.99683163913261 4.000000015069958
104.46093324824915 201.4577648723118
2.0000000062052767 104.46093324915233
2.0000000062052767 100.99683163822942
203.45776488117647 100.99683163822942
203.45776488117647 104.46093324915233
104.46093324915233 2.0000000062052767
100.99683163822942 203.45776488117647
100.99683163822942 2.0000000062052767
104.46093324915233 203.45776488117647
205.45776488738176 104.46093324978456
205.45776488738176 100.9968316375972
104.46093324978456 205.45776488738176
100.9968316375972 205.45776488738176
107.46093325125976 102.72888244369088
97.996831636122 102.72888244369088
102.72888244369088 97.996831636122
102.72888244369088 107.46093325125976
109.70531626067887 102.72888244369088
95.75244862670289 102.72888244369088
102.72888244369088 95.75244862670289
102.72888244369088 109.70531626067887
112.00786384091015 102.72888244369088
93.44990104647162 102.72888244369088
102.72888244369088 93.44990104647162
102.72888244369088 112.00786384091015
114.21947750922263 102.72888244369088
91.23828737815913 102.72888244369088
102.72888244369088 91.23828737815913
102.72888244369088 114.21947750922263
116.32272257874807 102.72888244369088
89.1350423086337 102.72888244369088
102.72888244369088 89.1350423086337
102.72888244369088 116.32272257874807
118.37156131825377 102.72888244369088
87.08620356912799 102.72888244369088
102.72888244369088 87.08620356912799
102.72888244369088 118.37156131825377
120.39968096530546 102.72888244369088
85.0580839220763 102.72888244369088
102.72888244369088 85.0580839220763
102.72888244369088 120.39968096530546
122.41793596882154 102.72888244369088
83.03982891856022 102.72888244369088
102.72888244369088 83.03982891856022
102.72888244369088 122.41793596882154
124.43024749118459 102.72888244369088
81.02751739619717 102.72888244369088
102.72888244369088 81.02751739619717
102.72888244369088 124.43024749118459
126.438670546382 102.72888244369088
79.01909434099976 102.72888244369088
102.72888244369088 79.01909434099976
102.72888244369088 126.438670546382
128.444478203813 102.72888244369088
77.01328668356877 102.72888244369088
102.72888244369088 77.01328668356877
102.72888244369088 128.444478203813
130.4485021859199 102.72888244369088
75.00926270146188 102.72888244369088
102.72888244369088 75.00926270146188
102.72888244369088 130.4485021859199
132.4512993115479 102.72888244369088
73.00646557583386 102.72888244369088
102.72888244369088 73.00646557583386
102.72888244369088 132.4512993115479
134.45324786300674 102.72888244369088
71.00451702437503 102.72888244369088
102.72888244369088 71.00451702437503
102.72888244369088 134.45324786300674
136.45460729029588 102.72888244369088
69.00315759708586 102.72888244369088
102.72888244369088 69.00315759708586
102.72888244369088 136.45460729029588
138.4555566773554 102.72888244369088
67.00220821002637 102.72888244369088
102.72888244369088 67.00220821002637
102.72888244369088 138.4555566773554
140.45622017171166 102.72888244369088
65.00154471567011 102.72888244369088
102.72888244369088 65.00154471567011
102.72888244369088 140.45622017171166
142.4566840927109 102.72888244369088
63.001080794670855 102.72888244369088
102.72888244369088 63.001080794670855
102.72888244369088 142.4566840927109
144.45700858097769 102.72888244369088
61.00075630640408 102.72888244369088
102.72888244369088 61.00075630640408
102.72888244369088 144.45700858097769
146.45723559739935 102.72888244369088
59.00052928998241 102.72888244369088
102.72888244369088 59.00052928998241
102.72888244369088 146.45723559739935
148.45739444756362 102.72888244369088
57.000370439818134 102.72888244369088
102.72888244369088 57.000370439818134
102.72888244369088 148.45739444756362
150.45750561266 102.72888244369088
55.00025927472178 102.72888244369088
102.72888244369088 55.00025927472178
102.72888244369088 150.45750561266
152.45758341352976 102.72888244369088
53.00018147385199 102.72888244369088
102.72888244369088 53.00018147385199
102.72888244369088 152.45758341352976
154.4576378669407 102.72888244369088
51.000127020441056 102.72888244369088
102.72888244369088 51.000127020441056
102.72888244369088 154.4576378669407
156.45767598080272 102.72888244369088
49.000088906579045 102.72888244369088
102.72888244369088 49.000088906579045
102.72888244369088 156.45767598080272
158.45770265877903 102.72888244369088
47.00006222860274 102.72888244369088
102.72888244369088 47.00006222860274
102.72888244369088 158.45770265877903
160.45772133251631 102.72888244369088
45.00004355486544 102.72888244369088
102.72888244369088 45.00004355486544
102.72888244369088 160.45772133251631
162.45773440371786 102.72888244369088
43.000030483663885 102.72888244369088
102.72888244369088 43.000030483663885
102.72888244369088 162.45773440371786
164.45774355335587 102.72888244369088
41.0000213340259 102.72888244369088
102.72888244369088 41.0000213340259
102.72888244369088 164.45774355335587
166.45774995800292 102.72888244369088
39.00001492937883 102.72888244369088
102.72888244369088 39.00001492937883
102.72888244369088 166.45774995800292
168.45775444120713 102.72888244369088
37.00001044617464 102.72888244369088
102.72888244369088 37.00001044617464
102.72888244369088 168.45775444120713
170.45775757942616 102.72888244369088
35.0000073079556 102.72888244369088
102.72888244369088 35.0000073079556
102.72888244369088 170.45775757942616
172.4577597761678 102.72888244369088
33.00000511121398 102.72888244369088
102.72888244369088 33.00000511121398
102.72888244369088 172.4577597761678
174.45776131388118 102.72888244369088
31.00000357350058 102.72888244369088
102.72888244369088 31.00000357350058
102.72888244369088 174.45776131388118
176.45776239027774 102.72888244369088
29.000002497104013 102.72888244369088
102.72888244369088 29.000002497104013
102.72888244369088 176.45776239027774
178.45776314375397 102.72888244369088
27.00000174362779 102.72888244369088
102.72888244369088 27.00000174362779
102.72888244369088 178.45776314375397
180.45776367118665 102.72888244369088
25.000001216195113 102.72888244369088
102.72888244369088 25.000001216195113
102.72888244369088 180.45776367118665
182.4577640403892 102.72888244369088
23.000000846992567 102.72888244369088
102.72888244369088 23.000000846992567
102.72888244369088 182.4577640403892
184.45776429883082 102.72888244369088
21.000000588550947 102.72888244369088
102.72888244369088 21.000000588550947
102.72888244369088 184.45776429883082
186.45776447973986 102.72888244369088
19.000000407641892 102.72888244369088
102.72888244369088 19.000000407641892
102.72888244369088 186.45776447973986
188.45776460637617 102.72888244369088
17.000000281005594 102.72888244369088
102.72888244369088 17.000000281005594
102.72888244369088 188.45776460637617
190.45776469502155 102.72888244369088
15.000000192360204 102.72888244369088
102.72888244369088 15.000000192360204
102.72888244369088 190.45776469502155
192.45776475707333 102.72888244369088
13.00000013030844 102.72888244369088
102.72888244369088 13.00000013030844
102.72888244369088 192.45776475707333
194.45776480050955 102.72888244369088
11.00000008687221 102.72888244369088
102.72888244369088 11.00000008687221
102.72888244369088 194.45776480050955
196.4577648309149 102.72888244369088
9.00000005646685 102.72888244369088
102.72888244369088 9.00000005646685
102.72888244369088 196.4577648309149
198.45776485219866 102.72888244369088
7.000000035183101 102.72888244369088
102.72888244369088 7.000000035183101
102.72888244369088 198.45776485219866
200.4577648670973 102.72888244369088
5.000000020284476 102.72888244369088
102.72888244369088 5.000000020284476
102.72888244369088 200.4577648670973
202.45776487752633 102.72888244369088
3.0000000098554396 102.72888244369088
102.72888244369088 3.0000000098554396
102.72888244369088 202.45776487752633
204.45776488482664 102.72888244369088
1.000000002555114 102.72888244369088
102.72888244369088 1.000000002555114
102.72888244369088 204.45776488482664
103.72888244369088 103.72888244369088
103.72888244369088 101.72888244369088
101.72888244369088 101.72888244369088
101.72888244369088 103.72888244369088
102.72888244369088 105.46093325125976
102.72888244369088 99.996831636122
99.996831636122 102.72888244369088
105.46093325125976 102.72888244369088
