# Core: kahle
# Chain: circle
# Phi: 0.7
# Layers: 5
# Precision: 15
# Bisection precision: 1E-100
# Final value of delta after bisection search: 0.09400494536829833980808139733787194184742870023701594132328886810552505577597936766520386003035777275355819802177250231979418593336710851109720996795012132159821458547599724723509069296020184736699943
# Distance precision: 1E-98
# Number of contacts: 164
# System length: 25.45152695110418
16.457814283120968 16.457814283120968
8.993712667983214 16.457814283120968
16.457814283120968 8.993712667983214
8.993712667983214 8.993712667983214
6.9970656656943175 16.34205268218713
6.9970656656943175 9.109474268917051
18.454461285409863 9.109474268917051
18.454461285409863 16.34205268218713
16.34205268218713 6.9970656656943175
9.109474268917051 18.454461285409863
9.109474268917051 6.9970656656943175
16.34205268218713 18.454461285409863
4.998951957556442 16.255210242380844
4.998951957556442 9.196316708723336
20.45257499354774 9.196316708723336
20.45257499354774 16.255210242380844
16.255210242380844 4.998951957556442
9.196316708723336 20.45257499354774
9.196316708723336 4.998951957556442
16.255210242380844 20.45257499354774
2.9997903827234076 16.197305167377838
2.9997903827234076 9.254221783726344
22.451736568380774 9.254221783726344
22.451736568380774 16.197305167377838
16.197305167377838 2.9997903827234076
9.254221783726344 22.451736568380774
9.254221783726344 2.9997903827234076
16.197305167377838 22.451736568380774
1.0 16.16834959508223
1.0 9.283177356021952
24.45152695110418 9.283177356021952
24.45152695110418 16.16834959508223
16.16834959508223 1.0
9.283177356021952 24.45152695110418
9.283177356021952 1.0
16.16834959508223 24.45152695110418
8.993712667983214 14.457814283120968
8.993712667983214 10.993712667983214
16.457814283120968 10.993712667983214
16.457814283120968 14.457814283120968
14.457814283120968 8.993712667983214
10.993712667983214 16.457814283120968
10.993712667983214 8.993712667983214
14.457814283120968 16.457814283120968
6.825881393569079 14.349392162937313
6.825881393569079 11.102134788166868
18.6256455575351 11.102134788166868
18.6256455575351 14.349392162937313
14.349392162937313 6.825881393569079
11.102134788166868 18.6256455575351
11.102134788166868 6.825881393569079
14.349392162937313 18.6256455575351
4.461921165906824 14.328659456956235
4.461921165906824 11.122867494147947
20.98960578519736 11.122867494147947
20.98960578519736 14.328659456956235
14.328659456956235 4.461921165906824
11.122867494147947 20.98960578519736
11.122867494147947 4.461921165906824
14.328659456956235 20.98960578519736
2.151082594606879 14.386312320790543
2.151082594606879 11.065214630313637
23.3004443564973 11.065214630313637
23.3004443564973 14.386312320790543
14.386312320790543 2.151082594606879
11.065214630313637 23.3004443564973
11.065214630313637 2.151082594606879
14.386312320790543 23.3004443564973
25.45152695110418 14.436298787513353
25.45152695110418 11.015228163590828
14.436298787513353 25.45152695110418
11.015228163590828 25.45152695110418
17.457814283120968 12.72576347555209
7.993712667983213 12.72576347555209
12.72576347555209 7.993712667983213
12.72576347555209 17.457814283120968
19.793476831949235 12.72576347555209
5.658050119154945 12.72576347555209
12.72576347555209 5.658050119154945
12.72576347555209 19.793476831949235
22.18573473844548 12.72576347555209
3.2657922126587016 12.72576347555209
12.72576347555209 3.2657922126587016
12.72576347555209 22.18573473844548
24.415153974549124 12.72576347555209
1.0363729765550564 12.72576347555209
12.72576347555209 1.0363729765550564
12.72576347555209 24.415153974549124
13.72576347555209 13.72576347555209
13.72576347555209 11.72576347555209
11.72576347555209 11.72576347555209
11.72576347555209 13.72576347555209
12.72576347555209 15.457814283120968
12.72576347555209 9.993712667983214
9.993712667983214 12.72576347555209
15.457814283120968 12.72576347555209
