# Core: kahle
# Chain: circle
# Phi: 0.7
# Layers: 50
# Precision: 15
# Bisection precision: 1E-100
# Final value of delta after bisection search: 0.005580759639336526559922967589552384667169586627976289569394055591376544592248881682718308605544343065095683010783545108974529541982678461329910205868928836509185120321900382406605566160318849201246595
# Distance precision: 1E-98
# Number of contacts: 1604
# System length: 205.46313376269768
106.46361768891772 106.46361768891772
98.99951607377996 106.46361768891772
106.46361768891772 98.99951607377996
98.99951607377996 98.99951607377996
96.99954481603785 106.45289536615546
96.99954481603785 99.01023839654222
108.46358894665984 99.01023839654222
108.46358894665984 106.45289536615546
106.45289536615546 96.99954481603785
99.01023839654222 108.46358894665984
99.01023839654222 96.99954481603785
106.45289536615546 108.46358894665984
94.99957239711597 106.44239186427397
94.99957239711597 99.02074189842371
110.46356136558171 99.02074189842371
110.46356136558171 106.44239186427397
106.44239186427397 94.99957239711597
99.02074189842371 110.46356136558171
99.02074189842371 94.99957239711597
106.44239186427397 110.46356136558171
92.99959884095597 106.43210718339897
92.99959884095597 99.03102657929871
112.46353492174171 99.03102657929871
112.46353492174171 106.43210718339897
106.43210718339897 92.99959884095597
99.03102657929871 112.46353492174171
99.03102657929871 92.99959884095597
106.43210718339897 112.46353492174171
90.99962417149948 106.42204132365359
90.99962417149948 99.04109243904409
114.4635095911982 99.04109243904409
114.4635095911982 106.42204132365359
106.42204132365359 90.99962417149948
99.04109243904409 114.4635095911982
99.04109243904409 90.99962417149948
106.42204132365359 114.4635095911982
88.99964841268817 106.41219428515832
88.99964841268817 99.05093947753936
116.46348535000952 99.05093947753936
116.46348535000952 106.41219428515832
106.41219428515832 88.99964841268817
99.05093947753936 116.46348535000952
99.05093947753936 88.99964841268817
106.41219428515832 116.46348535000952
86.99967158846371 106.40256606803105
86.99967158846371 99.06056769466663
118.46346217423397 99.06056769466663
118.46346217423397 106.40256606803105
106.40256606803105 86.99967158846371
99.06056769466663 118.46346217423397
99.06056769466663 86.99967158846371
106.40256606803105 118.46346217423397
84.99969372276779 106.39315667238702
84.99969372276779 99.06997709031066
120.46344003992989 99.06997709031066
120.46344003992989 106.39315667238702
106.39315667238702 84.99969372276779
99.06997709031066 120.46344003992989
99.06997709031066 84.99969372276779
106.39315667238702 120.46344003992989
82.99971483954211 106.38396609833889
82.99971483954211 99.07916766435879
122.46341892315559 99.07916766435879
122.46341892315559 106.38396609833889
106.38396609833889 82.99971483954211
99.07916766435879 122.46341892315559
99.07916766435879 82.99971483954211
106.38396609833889 122.46341892315559
80.99973496272835 106.37499434599665
80.99973496272835 99.08813941670103
124.46339879996933 99.08813941670103
124.46339879996933 106.37499434599665
106.37499434599665 80.99973496272835
99.08813941670103 124.46339879996933
99.08813941670103 80.99973496272835
106.37499434599665 124.46339879996933
78.99975411626829 106.36624141546774
78.99975411626829 99.09689234722994
126.4633796464294 99.09689234722994
126.4633796464294 106.36624141546774
106.36624141546774 78.99975411626829
99.09689234722994 126.4633796464294
99.09689234722994 78.99975411626829
106.36624141546774 126.4633796464294
76.99977232410362 106.35770730685692
76.99977232410362 99.10542645584076
128.46336143859406 99.10542645584076
128.46336143859406 106.35770730685692
106.35770730685692 76.99977232410362
99.10542645584076 128.46336143859406
99.10542645584076 76.99977232410362
106.35770730685692 128.46336143859406
74.99978961017608 106.34939202026636
74.99978961017608 99.11374174243132
130.46334415252159 99.11374174243132
130.46334415252159 106.34939202026636
106.34939202026636 74.99978961017608
99.11374174243132 130.46334415252159
99.11374174243132 74.99978961017608
106.34939202026636 130.46334415252159
72.99980599842746 106.3412955557956
72.99980599842746 99.1218382069021
132.46332776427022 99.1218382069021
132.46332776427022 106.3412955557956
106.3412955557956 72.99980599842746
99.1218382069021 132.46332776427022
99.1218382069021 72.99980599842746
106.3412955557956 132.46332776427022
70.9998215127995 106.33341791354154
70.9998215127995 99.12971584915614
134.46331224989817 99.12971584915614
134.46331224989817 106.33341791354154
106.33341791354154 70.9998215127995
99.12971584915614 134.46331224989817
99.12971584915614 70.9998215127995
106.33341791354154 134.46331224989817
68.999836177234 106.32575909359852
68.999836177234 99.13737466909917
136.4632975854637 99.13737466909917
136.4632975854637 106.32575909359852
106.32575909359852 68.999836177234
99.13737466909917 136.4632975854637
99.13737466909917 68.999836177234
106.32575909359852 136.4632975854637
66.99985001567272 106.31831909605819
66.99985001567272 99.14481466663949
138.46328374702497 99.14481466663949
138.46328374702497 106.31831909605819
106.31831909605819 66.99985001567272
99.14481466663949 138.46328374702497
99.14481466663949 66.99985001567272
106.31831909605819 138.46328374702497
64.99986305205748 106.31109792100965
64.99986305205748 99.15203584168805
140.46327071064022 99.15203584168805
140.46327071064022 106.31109792100965
106.31109792100965 64.99986305205748
99.15203584168805 140.46327071064022
99.15203584168805 64.99986305205748
106.31109792100965 140.46327071064022
62.999875310330076 106.30409556853931
62.999875310330076 99.15903819415838
142.4632584523676 99.15903819415838
142.4632584523676 106.30409556853931
106.30409556853931 62.999875310330076
99.15903819415838 142.4632584523676
99.15903819415838 62.999875310330076
106.30409556853931 142.4632584523676
60.99988681443232 106.29731203873101
60.99988681443232 99.16582172396667
144.46324694826535 99.16582172396667
144.46324694826535 106.29731203873101
106.29731203873101 60.99988681443232
99.16582172396667 144.46324694826535
99.16582172396667 60.99988681443232
106.29731203873101 144.46324694826535
58.999897588306055 106.29074733166595
58.999897588306055 99.17238643103173
146.46323617439162 99.17238643103173
146.46323617439162 106.29074733166595
106.29074733166595 58.999897588306055
99.17238643103173 146.46323617439162
99.17238643103173 58.999897588306055
106.29074733166595 146.46323617439162
56.999907655893104 106.28440144742274
56.999907655893104 99.17873231527496
148.46322610680457 99.17873231527496
148.46322610680457 106.28440144742274
106.28440144742274 56.999907655893104
99.17873231527496 148.46322610680457
99.17873231527496 56.999907655893104
106.28440144742274 148.46322610680457
54.999917041135305 106.27827438607731
54.999917041135305 99.18485937662038
150.4632167215624 99.18485937662038
150.4632167215624 106.27827438607731
106.27827438607731 54.999917041135305
99.18485937662038 150.4632167215624
99.18485937662038 54.999917041135305
106.27827438607731 150.4632167215624
52.99992576797452 106.27236614770302
52.99992576797452 99.19076761499466
152.46320799472318 99.19076761499466
152.46320799472318 106.27236614770302
106.27236614770302 52.99992576797452
99.19076761499466 152.46320799472318
99.19076761499466 52.99992576797452
106.27236614770302 152.46320799472318
50.9999338603526 106.26667673237063
50.9999338603526 99.19645703032707
154.46319990234508 99.19645703032707
154.46319990234508 106.26667673237063
106.26667673237063 50.9999338603526
99.19645703032707 154.46319990234508
99.19645703032707 50.9999338603526
106.26667673237063 154.46319990234508
48.99994134221141 106.26120614014819
48.99994134221141 99.20192762254949
156.46319242048628 99.20192762254949
156.46319242048628 106.26120614014819
106.26120614014819 48.99994134221141
99.20192762254949 156.46319242048628
99.20192762254949 48.99994134221141
106.26120614014819 156.46319242048628
46.99994823749282 106.25595437110124
46.99994823749282 99.20717939159645
158.46318552520486 99.20717939159645
158.46318552520486 106.25595437110124
106.25595437110124 46.99994823749282
99.20717939159645 158.46318552520486
99.20717939159645 46.99994823749282
106.25595437110124 158.46318552520486
44.999954570138726 106.25092142529262
44.999954570138726 99.21221233740508
160.46317919255895 99.21221233740508
160.46317919255895 106.25092142529262
106.25092142529262 44.999954570138726
99.21221233740508 160.46317919255895
99.21221233740508 44.999954570138726
106.25092142529262 160.46317919255895
42.999960364091 106.24610730278258
42.999960364091 99.2170264599151
162.46317339860667 99.2170264599151
162.46317339860667 106.24610730278258
106.24610730278258 42.999960364091
99.2170264599151 162.46317339860667
99.2170264599151 42.999960364091
106.24610730278258 162.46317339860667
40.99996564329155 106.24151200362876
40.99996564329155 99.22162175906892
164.46316811940613 99.22162175906892
164.46316811940613 106.24151200362876
106.24151200362876 40.99996564329155
99.22162175906892 164.46316811940613
99.22162175906892 40.99996564329155
106.24151200362876 164.46316811940613
38.999970431682264 106.23713552788615
38.999970431682264 99.22599823481153
166.4631633310154 99.22599823481153
166.4631633310154 106.23713552788615
106.23713552788615 38.999970431682264
99.22599823481153 166.4631633310154
99.22599823481153 38.999970431682264
106.23713552788615 166.4631633310154
36.99997475320505 106.23297787560718
36.99997475320505 99.2301558870905
168.46315900949264 99.2301558870905
168.46315900949264 106.23297787560718
106.23297787560718 36.99997475320505
99.2301558870905 168.46315900949264
99.2301558870905 36.99997475320505
106.23297787560718 168.46315900949264
34.999978631801824 106.22903904684159
34.999978631801824 99.23409471585609
170.46315513089587 99.23409471585609
170.46315513089587 106.22903904684159
106.22903904684159 34.999978631801824
99.23409471585609 170.46315513089587
99.23409471585609 34.999978631801824
106.22903904684159 170.46315513089587
32.999982091414495 106.22531904163654
32.999982091414495 99.23781472106114
172.46315167128319 99.23781472106114
172.46315167128319 106.22531904163654
106.22531904163654 32.999982091414495
99.23781472106114 172.46315167128319
99.23781472106114 32.999982091414495
106.22531904163654 172.46315167128319
30.999985155984994 106.22181786003657
30.999985155984994 99.24131590266111
174.46314860671268 99.24131590266111
174.46314860671268 106.22181786003657
106.22181786003657 30.999985155984994
99.24131590266111 174.46314860671268
99.24131590266111 30.999985155984994
106.22181786003657 174.46314860671268
28.99998784945524 106.21853550208357
28.99998784945524 99.24459826061411
176.46314591324244 99.24459826061411
176.46314591324244 106.21853550208357
106.21853550208357 28.99998784945524
99.24459826061411 176.46314591324244
99.24459826061411 28.99998784945524
106.21853550208357 176.46314591324244
26.999990195767168 106.21547196781685
26.999990195767168 99.24766179488083
178.4631435669305 99.24766179488083
178.4631435669305 106.21547196781685
106.21547196781685 26.999990195767168
99.24766179488083 178.4631435669305
99.24766179488083 26.999990195767168
106.21547196781685 178.4631435669305
24.99999221886271 106.2126272572731
24.99999221886271 99.2505065054246
180.46314154383498 99.2505065054246
180.46314154383498 106.2126272572731
106.2126272572731 24.99999221886271
99.2505065054246 180.46314154383498
99.2505065054246 24.99999221886271
106.2126272572731 180.46314154383498
22.99999394268381 106.21000137048634
22.99999394268381 99.25313239221136
182.46313982001388 99.25313239221136
182.46313982001388 106.21000137048634
106.21000137048634 22.99999394268381
99.25313239221136 182.46313982001388
99.25313239221136 22.99999394268381
106.21000137048634 182.46313982001388
20.9999953911724 106.20759430748801
20.9999953911724 99.25553945520967
184.46313837152528 99.25553945520967
184.46313837152528 106.20759430748801
106.20759430748801 20.9999953911724
99.25553945520967 184.46313837152528
99.25553945520967 20.9999953911724
106.20759430748801 184.46313837152528
18.999996588270438 106.20540606830694
18.999996588270438 99.25772769439074
186.46313717442723 99.25772769439074
186.46313717442723 106.20540606830694
106.20540606830694 18.999996588270438
99.25772769439074 186.46313717442723
99.25772769439074 18.999996588270438
106.20540606830694 186.46313717442723
16.999997557919865 106.20343665296933
16.999997557919865 99.25969710972835
188.4631362047778 99.25969710972835
188.4631362047778 106.20343665296933
106.20343665296933 16.999997557919865
99.25969710972835 188.4631362047778
99.25969710972835 16.999997557919865
106.20343665296933 188.4631362047778
14.999998324062638 106.20168606149875
14.999998324062638 99.26144770119895
190.46313543863505 99.26144770119895
190.46313543863505 106.20168606149875
106.20168606149875 14.999998324062638
99.26144770119895 190.46313543863505
99.26144770119895 14.999998324062638
106.20168606149875 190.46313543863505
12.999998910640706 106.20015429391613
12.999998910640706 99.26297946878155
192.46313485205698 99.26297946878155
192.46313485205698 106.20015429391613
106.20015429391613 12.999998910640706
99.26297946878155 192.46313485205698
99.26297946878155 12.999998910640706
106.20015429391613 192.46313485205698
10.999999341596025 106.19884135023985
10.999999341596025 99.26429241245783
194.46313442110167 99.26429241245783
194.46313442110167 106.19884135023985
106.19884135023985 10.999999341596025
99.26429241245783 194.46313442110167
99.26429241245783 10.999999341596025
106.19884135023985 194.46313442110167
8.999999640870557 106.19774723048559
8.999999640870557 99.26538653221209
196.46313412182712 99.26538653221209
196.46313412182712 106.19774723048559
106.19774723048559 8.999999640870557
99.26538653221209 196.46313412182712
99.26538653221209 8.999999640870557
106.19774723048559 196.46313412182712
6.999999832406259 106.19687193466648
6.999999832406259 99.26626182803122
198.46313393029143 99.26626182803122
198.46313393029143 106.19687193466648
106.19687193466648 6.999999832406259
99.26626182803122 198.46313393029143
99.26626182803122 6.999999832406259
106.19687193466648 198.46313393029143
4.999999940145092 106.19621546279296
4.999999940145092 99.26691829990472
200.46313382255258 99.26691829990472
200.46313382255258 106.19621546279296
106.19621546279296 4.999999940145092
99.26691829990472 200.46313382255258
99.26691829990472 4.999999940145092
106.19621546279296 200.46313382255258
2.9999999880290185 106.19577781487293
2.9999999880290185 99.26735594782475
202.46313377466868 99.26735594782475
202.46313377466868 106.19577781487293
106.19577781487293 2.9999999880290185
99.26735594782475 202.46313377466868
99.26735594782475 2.9999999880290185
106.19577781487293 202.46313377466868
1.0 106.1955589909116
1.0 99.26757477178609
204.46313376269768 99.26757477178609
204.46313376269768 106.1955589909116
106.1955589909116 1.0
99.26757477178609 204.46313376269768
99.26757477178609 1.0
106.1955589909116 204.46313376269768
98.99951607377996 104.46361768891772
98.99951607377996 100.99951607377996
106.46361768891772 100.99951607377996
106.46361768891772 104.46361768891772
104.46361768891772 98.99951607377996
100.99951607377996 106.46361768891772
100.99951607377996 98.99951607377996
104.46361768891772 106.46361768891772
96.9813107507185 104.4529784881673
96.9813107507185 101.01015527453039
108.48182301197917 101.01015527453039
108.48182301197917 104.4529784881673
104.4529784881673 96.9813107507185
101.01015527453039 108.48182301197917
101.01015527453039 96.9813107507185
104.4529784881673 108.48182301197917
94.92925558678913 104.443628359958
94.92925558678913 101.01950540273968
110.53387817590855 101.01950540273968
110.53387817590855 104.443628359958
104.443628359958 94.92925558678913
101.01950540273968 110.53387817590855
101.01950540273968 94.92925558678913
104.443628359958 110.53387817590855
92.85162025573108 104.43758911170475
92.85162025573108 101.02554465099293
112.6115135069666 101.02554465099293
112.6115135069666 104.43758911170475
104.43758911170475 92.85162025573108
101.02554465099293 112.6115135069666
101.02554465099293 92.85162025573108
104.43758911170475 112.6115135069666
90.76182841415815 104.43622834711465
90.76182841415815 101.02690541558303
114.70130534853955 101.02690541558303
114.70130534853955 104.43622834711465
104.43622834711465 90.76182841415815
101.02690541558303 114.70130534853955
101.02690541558303 90.76182841415815
104.43622834711465 114.70130534853955
88.67412288818385 104.43886381792883
88.67412288818385 101.02426994476886
116.78901087451385 101.02426994476886
116.78901087451385 104.43886381792883
104.43886381792883 88.67412288818385
101.02426994476886 116.78901087451385
101.02426994476886 88.67412288818385
104.43886381792883 116.78901087451385
86.59804267828888 104.44330747904597
86.59804267828888 101.01982628365171
118.8650910844088 101.01982628365171
118.8650910844088 104.44330747904597
104.44330747904597 86.59804267828888
101.01982628365171 118.8650910844088
101.01982628365171 86.59804267828888
104.44330747904597 118.8650910844088
84.53636094085195 104.44756608513539
84.53636094085195 101.01556767756229
120.92677282184573 101.01556767756229
120.92677282184573 104.44756608513539
104.44756608513539 84.53636094085195
101.01556767756229 120.92677282184573
101.01556767756229 84.53636094085195
104.44756608513539 120.92677282184573
82.48712736566407 104.45076820841055
82.48712736566407 101.01236555428713
122.97600639703361 101.01236555428713
122.97600639703361 104.45076820841055
104.45076820841055 82.48712736566407
101.01236555428713 122.97600639703361
101.01236555428713 82.48712736566407
104.45076820841055 122.97600639703361
80.44689237084768 104.45292122860424
80.44689237084768 101.01021253409345
125.01624139185002 101.01021253409345
125.01624139185002 104.45292122860424
104.45292122860424 80.44689237084768
101.01021253409345 125.01624139185002
101.01021253409345 80.44689237084768
104.45292122860424 125.01624139185002
78.41269346814875 104.4543418900142
78.41269346814875 101.00879187268347
127.05044029454893 101.00879187268347
127.05044029454893 104.4543418900142
104.4543418900142 78.41269346814875
101.00879187268347 127.05044029454893
101.00879187268347 78.41269346814875
104.4543418900142 127.05044029454893
76.38256848824103 104.45532474149408
76.38256848824103 101.0078090212036
129.08056527445666 101.0078090212036
129.08056527445666 104.45532474149408
104.45532474149408 76.38256848824103
101.0078090212036 129.08056527445666
101.0078090212036 76.38256848824103
104.45532474149408 129.08056527445666
74.35536050972465 104.45605868075867
74.35536050972465 101.00707508193902
131.10777325297303 101.00707508193902
131.10777325297303 104.45605868075867
104.45605868075867 74.35536050972465
101.00707508193902 131.10777325297303
101.00707508193902 74.35536050972465
104.45605868075867 131.10777325297303
72.33040326111674 104.45664705401046
72.33040326111674 101.00648670868722
133.13273050158094 101.00648670868722
133.13273050158094 104.45664705401046
104.45664705401046 72.33040326111674
101.00648670868722 133.13273050158094
101.00648670868722 72.33040326111674
104.45664705401046 133.13273050158094
70.30729466629361 104.45714326230612
70.30729466629361 101.00599050039156
135.15583909640407 101.00599050039156
135.15583909640407 104.45714326230612
104.45714326230612 70.30729466629361
101.00599050039156 135.15583909640407
101.00599050039156 70.30729466629361
104.45714326230612 135.15583909640407
68.28577038003735 104.45757547380256
68.28577038003735 101.00555828889512
137.17736338266033 101.00555828889512
137.17736338266033 104.45757547380256
104.45757547380256 68.28577038003735
101.00555828889512 137.17736338266033
101.00555828889512 68.28577038003735
104.45757547380256 137.17736338266033
66.26564081116632 104.4579597640962
66.26564081116632 101.00517399860148
139.19749295153136 101.00517399860148
139.19749295153136 104.4579597640962
104.4579597640962 66.26564081116632
101.00517399860148 139.19749295153136
101.00517399860148 66.26564081116632
104.4579597640962 139.19749295153136
64.24676069421508 104.4583062871198
64.24676069421508 101.0048274755779
141.2163730684826 101.0048274755779
141.2163730684826 104.4583062871198
104.4583062871198 64.24676069421508
101.0048274755779 141.2163730684826
101.0048274755779 64.24676069421508
104.4583062871198 141.2163730684826
62.229013776572764 104.45862205321232
62.229013776572764 101.00451170948536
143.2341199861249 101.00451170948536
143.2341199861249 104.45862205321232
104.45862205321232 62.229013776572764
101.00451170948536 143.2341199861249
101.00451170948536 62.229013776572764
104.45862205321232 143.2341199861249
60.21230437705929 104.45891221705413
60.21230437705929 101.00422154564355
145.25082938563838 101.00422154564355
145.25082938563838 104.45891221705413
104.45891221705413 60.21230437705929
101.00422154564355 145.25082938563838
101.00422154564355 60.21230437705929
104.45891221705413 145.25082938563838
58.196552220385826 104.45918072904374
58.196552220385826 101.00395303365396
147.26658154231185 101.00395303365396
147.26658154231185 104.45918072904374
104.45918072904374 58.196552220385826
101.00395303365396 147.26658154231185
101.00395303365396 58.196552220385826
104.45918072904374 147.26658154231185
56.181688991805636 104.45943070307122
56.181688991805636 101.00370305962646
149.28144477089205 101.00370305962646
149.28144477089205 104.45943070307122
104.45943070307122 56.181688991805636
101.00370305962646 149.28144477089205
101.00370305962646 56.181688991805636
104.45943070307122 149.28144477089205
54.167655897965886 104.45966464521196
54.167655897965886 101.00346911748572
151.2954778647318 101.00346911748572
151.2954778647318 104.45966464521196
104.45966464521196 54.167655897965886
101.00346911748572 151.2954778647318
101.00346911748572 54.167655897965886
104.45966464521196 151.2954778647318
52.15440187046549 104.45988460607532
52.15440187046549 101.00324915662236
153.3087318922322 101.00324915662236
153.3087318922322 104.45988460607532
104.45988460607532 52.15440187046549
101.00324915662236 153.3087318922322
101.00324915662236 52.15440187046549
104.45988460607532 153.3087318922322
50.14188220571099 104.46009228707979
50.14188220571099 101.0030414756179
155.32125155698668 101.0030414756179
155.32125155698668 104.46009228707979
104.46009228707979 50.14188220571099
101.0030414756179 155.32125155698668
101.0030414756179 50.14188220571099
104.46009228707979 155.32125155698668
48.13005751331577 104.46028911701084
48.13005751331577 101.00284464568684
157.33307624938192 101.00284464568684
157.33307624938192 104.46028911701084
104.46028911701084 48.13005751331577
101.00284464568684 157.33307624938192
101.00284464568684 48.13005751331577
104.46028911701084 157.33307624938192
46.11889288915499 104.46047630853258
46.11889288915499 101.0026574541651
159.3442408735427 101.0026574541651
159.3442408735427 104.46047630853258
104.46047630853258 46.11889288915499
101.0026574541651 159.3442408735427
101.0026574541651 46.11889288915499
104.46047630853258 159.3442408735427
44.10835725573357 104.4606549007367
44.10835725573357 101.00247886196098
161.3547765069641 101.00247886196098
161.3547765069641 104.4606549007367
104.4606549007367 44.10835725573357
101.00247886196098 161.3547765069641
101.00247886196098 44.10835725573357
104.4606549007367 161.3547765069641
42.098422829504116 104.46082579172304
42.098422829504116 101.00230797097464
163.36471093319358 101.00230797097464
163.36471093319358 104.46082579172304
104.46082579172304 42.098422829504116
101.00230797097464 163.36471093319358
101.00230797097464 42.098422829504116
104.46082579172304 163.36471093319358
40.0890646860589 104.46098976391575
40.0890646860589 101.00214399878195
165.3740690766388 101.00214399878195
165.3740690766388 104.46098976391575
104.46098976391575 40.0890646860589
101.00214399878195 165.3740690766388
101.00214399878195 40.0890646860589
104.46098976391575 165.3740690766388
38.080260401843205 104.46114750399258
38.080260401843205 101.0019862587051
167.3828733608545 101.0019862587051
167.3828733608545 104.46114750399258
104.46114750399258 38.080260401843205
101.0019862587051 167.3828733608545
101.0019862587051 38.080260401843205
104.46114750399258 167.3828733608545
36.07198975644644 104.46129961875835
36.07198975644644 101.00183414393933
169.39114400625124 101.00183414393933
169.39114400625124 104.46129961875835
104.46129961875835 36.07198975644644
101.00183414393933 169.39114400625124
101.00183414393933 36.07198975644644
104.46129961875835 169.39114400625124
34.06423448339171 104.4614466479226
34.06423448339171 101.0016871147751
171.39889927930597 101.0016871147751
171.39889927930597 104.4614466479226
104.4614466479226 34.06423448339171
101.0016871147751 171.39889927930597
101.0016871147751 34.06423448339171
104.4614466479226 171.39889927930597
32.05697806015309 104.46158907448603
32.05697806015309 101.00154468821165
173.4061557025446 101.00154468821165
173.4061557025446 104.46158907448603
104.46158907448603 32.05697806015309
101.00154468821165 173.4061557025446
101.00154468821165 32.05697806015309
104.46158907448603 173.4061557025446
30.05020553020316 104.46172733325969
30.05020553020316 101.00140642943799
175.41292823249452 101.00140642943799
175.41292823249452 104.46172733325969
104.46172733325969 30.05020553020316
101.00140642943799 175.41292823249452
101.00140642943799 30.05020553020316
104.46172733325969 175.41292823249452
28.04390335144399 104.46186181791153
28.04390335144399 101.00127194478615
177.4192304112537 101.00127194478615
177.4192304112537 104.46186181791153
104.46186181791153 28.04390335144399
101.00127194478615 177.4192304112537
101.00127194478615 28.04390335144399
104.46186181791153 177.4192304112537
26.038059266550846 104.46199288684183
26.038059266550846 101.00114087585585
179.42507449614683 101.00114087585585
179.42507449614683 104.46199288684183
104.46199288684183 26.038059266550846
101.00114087585585 179.42507449614683
101.00114087585585 26.038059266550846
104.46199288684183 179.42507449614683
24.0326621916582 104.46212086811923
24.0326621916582 101.00101289457847
181.43047157103948 101.00101289457847
181.43047157103948 104.46212086811923
104.46212086811923 24.0326621916582
101.00101289457847 181.43047157103948
101.00101289457847 24.0326621916582
104.46212086811923 181.43047157103948
22.027702120515844 104.46224606365837
22.027702120515844 101.00088769903931
183.43543164218184 101.00088769903931
183.43543164218184 104.46224606365837
104.46224606365837 22.027702120515844
101.00088769903931 183.43543164218184
101.00088769903931 22.027702120515844
104.46224606365837 183.43543164218184
20.023170041788617 104.46236875278133
20.023170041788617 101.00076500991635
185.43996372090908 101.00076500991635
185.43996372090908 104.46236875278133
104.46236875278133 20.023170041788617
101.00076500991635 185.43996372090908
101.00076500991635 20.023170041788617
104.46236875278133 185.43996372090908
18.019057867604506 104.46248919527534
18.019057867604506 101.00064456742234
187.44407589509316 101.00064456742234
187.44407589509316 104.46248919527534
104.46248919527534 18.019057867604506
101.00064456742234 187.44407589509316
101.00064456742234 18.019057867604506
104.46248919527534 187.44407589509316
16.015358371799312 104.4626076340373
16.015358371799312 101.00052612866038
189.44777539089839 101.00052612866038
189.44777539089839 104.4626076340373
104.4626076340373 16.015358371799312
101.00052612866038 189.44777539089839
101.00052612866038 16.015358371799312
104.4626076340373 189.44777539089839
14.012065136582093 104.46272429737783
14.012065136582093 101.00040946531986
191.45106862611559 101.00040946531986
191.45106862611559 104.46272429737783
104.46272429737783 14.012065136582093
101.00040946531986 191.45106862611559
101.00040946531986 14.012065136582093
104.46272429737783 191.45106862611559
12.009172506569485 104.46283940104401
12.009172506569485 101.00029436165367
193.4539612561282 101.00029436165367
193.4539612561282 104.46283940104401
104.46283940104401 12.009172506569485
101.00029436165367 193.4539612561282
101.00029436165367 12.009172506569485
104.46283940104401 193.4539612561282
10.006675549319839 104.46295315000975
10.006675549319839 101.00018061268793
195.45645821337786 101.00018061268793
195.45645821337786 104.46295315000975
104.46295315000975 10.006675549319839
101.00018061268793 195.45645821337786
101.00018061268793 10.006675549319839
104.46295315000975 195.45645821337786
8.004570021649199 104.46306574007393
8.004570021649199 101.00006802262375
197.4585637410485 101.00006802262375
197.4585637410485 104.46306574007393
104.46306574007393 8.004570021649199
101.00006802262375 197.4585637410485
101.00006802262375 8.004570021649199
104.46306574007393 197.4585637410485
6.002852341136831 104.4631773593
6.002852341136831 100.99995640339768
199.46028142156086 100.99995640339768
199.46028142156086 104.4631773593
104.4631773593 6.002852341136831
100.99995640339768 199.46028142156086
100.99995640339768 6.002852341136831
104.4631773593 199.46028142156086
4.001519562333845 104.46328818932592
4.001519562333845 100.99984557337176
201.46161420036384 100.99984557337176
201.46161420036384 104.46328818932592
104.46328818932592 4.001519562333845
100.99984557337176 201.46161420036384
100.99984557337176 4.001519562333845
104.46328818932592 201.46161420036384
2.0005693572785663 104.46339840656833
2.0005693572785663 100.99973535612935
203.46256440541913 100.99973535612935
203.46256440541913 104.46339840656833
104.46339840656833 2.0005693572785663
100.99973535612935 203.46256440541913
100.99973535612935 2.0005693572785663
104.46339840656833 203.46256440541913
205.46313376269768 104.46350818334271
205.46313376269768 100.99962557935497
104.46350818334271 205.46313376269768
100.99962557935497 205.46313376269768
107.46361768891772 102.73156688134884
97.99951607377996 102.73156688134884
102.73156688134884 97.99951607377996
102.73156688134884 107.46361768891772
109.50002833504064 102.73156688134884
95.96310542765704 102.73156688134884
102.73156688134884 95.96310542765704
102.73156688134884 109.50002833504064
111.56772801677648 102.73156688134884
93.89540574592121 102.73156688134884
102.73156688134884 93.89540574592121
102.73156688134884 111.56772801677648
113.65529899715673 102.73156688134884
91.80783476554095 102.73156688134884
102.73156688134884 91.80783476554095
102.73156688134884 113.65529899715673
115.74731169992235 102.73156688134884
89.71582206277533 102.73156688134884
102.73156688134884 89.71582206277533
102.73156688134884 115.74731169992235
117.83071004910533 102.73156688134884
87.63242371359235 102.73156688134884
102.73156688134884 87.63242371359235
102.73156688134884 117.83071004910533
119.89947211971227 102.73156688134884
85.56366164298542 102.73156688134884
102.73156688134884 85.56366164298542
102.73156688134884 119.89947211971227
121.9540735239792 102.73156688134884
83.50906023871848 102.73156688134884
102.73156688134884 83.50906023871848
102.73156688134884 121.9540735239792
123.99793927008803 102.73156688134884
81.46519449260965 102.73156688134884
102.73156688134884 81.46519449260965
102.73156688134884 123.99793927008803
126.034543513612 102.73156688134884
79.42859024908569 102.73156688134884
102.73156688134884 79.42859024908569
102.73156688134884 126.034543513612
128.06633707548588 102.73156688134884
77.3967966872118 102.73156688134884
102.73156688134884 77.3967966872118
102.73156688134884 128.06633707548588
130.09479347342742 102.73156688134884
75.36834028927025 102.73156688134884
102.73156688134884 75.36834028927025
102.73156688134884 130.09479347342742
132.12075303251865 102.73156688134884
73.34238073017904 102.73156688134884
102.73156688134884 73.34238073017904
102.73156688134884 132.12075303251865
134.14470797064322 102.73156688134884
71.31842579205444 102.73156688134884
102.73156688134884 71.31842579205444
102.73156688134884 134.14470797064322
136.1669702221649 102.73156688134884
69.29616354053277 102.73156688134884
102.73156688134884 69.29616354053277
102.73156688134884 136.1669702221649
138.18775654315576 102.73156688134884
67.27537721954192 102.73156688134884
102.73156688134884 67.27537721954192
102.73156688134884 138.18775654315576
140.20722935990696 102.73156688134884
65.25590440279072 102.73156688134884
102.73156688134884 65.25590440279072
102.73156688134884 140.20722935990696
142.22551677705823 102.73156688134884
63.23761698563945 102.73156688134884
102.73156688134884 63.23761698563945
102.73156688134884 142.22551677705823
144.2427231951916 102.73156688134884
61.220410567506086 102.73156688134884
102.73156688134884 61.220410567506086
102.73156688134884 144.2427231951916
146.2589355760852 102.73156688134884
59.20419818661249 102.73156688134884
102.73156688134884 59.20419818661249
102.73156688134884 146.2589355760852
148.2742275085385 102.73156688134884
57.18890625415917 102.73156688134884
102.73156688134884 57.18890625415917
102.73156688134884 148.2742275085385
150.28866203324557 102.73156688134884
55.17447172945211 102.73156688134884
102.73156688134884 55.17447172945211
102.73156688134884 150.28866203324557
152.30229369621802 102.73156688134884
53.160840066479665 102.73156688134884
102.73156688134884 53.160840066479665
102.73156688134884 152.30229369621802
154.31517008824636 102.73156688134884
51.14796367445131 102.73156688134884
102.73156688134884 51.14796367445131
102.73156688134884 154.31517008824636
156.327333025727 102.73156688134884
49.13580073697067 102.73156688134884
102.73156688134884 49.13580073697067
102.73156688134884 156.327333025727
158.3388194730368 102.73156688134884
47.12431428966087 102.73156688134884
102.73156688134884 47.12431428966087
102.73156688134884 158.3388194730368
160.34966227404857 102.73156688134884
45.11347148864911 102.73156688134884
102.73156688134884 45.11347148864911
102.73156688134884 160.34966227404857
162.35989073987966 102.73156688134884
43.103243022818035 102.73156688134884
102.73156688134884 43.103243022818035
102.73156688134884 162.35989073987966
164.3695311265075 102.73156688134884
41.0936026361902 102.73156688134884
102.73156688134884 41.0936026361902
102.73156688134884 164.3695311265075
166.37860702677008 102.73156688134884
39.084526735927604 102.73156688134884
102.73156688134884 39.084526735927604
102.73156688134884 166.37860702677008
168.38713969493887 102.73156688134884
37.075994067758806 102.73156688134884
102.73156688134884 37.075994067758806
102.73156688134884 168.38713969493887
170.3951483175636 102.73156688134884
35.06798544513408 102.73156688134884
102.73156688134884 35.06798544513408
102.73156688134884 170.3951483175636
172.40265024104835 102.73156688134884
33.06048352164933 102.73156688134884
102.73156688134884 33.06048352164933
102.73156688134884 172.40265024104835
174.40966116404084 102.73156688134884
31.053472598656853 102.73156688134884
102.73156688134884 31.053472598656853
102.73156688134884 174.40966116404084
176.4161953009482 102.73156688134884
29.046938461749466 102.73156688134884
102.73156688134884 29.046938461749466
102.73156688134884 176.4161953009482
178.42226552155918 102.73156688134884
27.040868241138515 102.73156688134884
102.73156688134884 27.040868241138515
102.73156688134884 178.42226552155918
180.4278834707345 102.73156688134884
25.035250291963177 102.73156688134884
102.73156688134884 25.035250291963177
102.73156688134884 180.4278834707345
182.43305967134447 102.73156688134884
23.030074091353224 102.73156688134884
102.73156688134884 23.030074091353224
102.73156688134884 182.43305967134447
184.4378036130192 102.73156688134884
21.025330149678464 102.73156688134884
102.73156688134884 21.025330149678464
102.73156688134884 184.4378036130192
186.4421238287989 102.73156688134884
19.02100993389877 102.73156688134884
102.73156688134884 19.02100993389877
102.73156688134884 186.4421238287989
188.44602796138744 102.73156688134884
17.017105801310244 102.73156688134884
102.73156688134884 17.017105801310244
102.73156688134884 188.44602796138744
190.4495228204093 102.73156688134884
15.013610942288377 102.73156688134884
102.73156688134884 15.013610942288377
102.73156688134884 190.4495228204093
192.45261443182187 102.73156688134884
13.010519330875807 102.73156688134884
102.73156688134884 13.010519330875807
102.73156688134884 192.45261443182187
194.45530808043452 102.73156688134884
11.007825682263162 102.73156688134884
102.73156688134884 11.007825682263162
102.73156688134884 194.45530808043452
196.45760834632117 102.73156688134884
9.005525416376514 102.73156688134884
102.73156688134884 9.005525416376514
102.73156688134884 196.45760834632117
198.4595191357758 102.73156688134884
7.003614626921882 102.73156688134884
102.73156688134884 7.003614626921882
102.73156688134884 198.4595191357758
200.4610437073459 102.73156688134884
5.002090055351779 102.73156688134884
102.73156688134884 5.002090055351779
102.73156688134884 200.4610437073459
202.46218469338177 102.73156688134884
3.000949069315911 102.73156688134884
102.73156688134884 3.000949069315911
102.73156688134884 202.46218469338177
204.46294411745646 102.73156688134884
1.0001896452412211 102.73156688134884
102.73156688134884 1.0001896452412211
102.73156688134884 204.46294411745646
103.73156688134884 103.73156688134884
103.73156688134884 101.73156688134884
101.73156688134884 101.73156688134884
101.73156688134884 103.73156688134884
102.73156688134884 105.46361768891772
102.73156688134884 99.99951607377996
99.99951607377996 102.73156688134884
105.46361768891772 102.73156688134884
