# Core: boro
# Chain: circle
# Phi: 0.7
# Layers: 50
# Precision: 15
# Bisection precision: 1E-100
# Final value of delta after bisection search: 0.005580759639336526559922967589552384667169586627976289569394055591376544592248881682718308605544343065095683010783545108974529541982678461329910205868928836509185120321900382406605566160318849201246595
# Distance precision: 1E-98
# Number of contacts: 1620
# System length: 209.84272521266965
98.99951607377996 108.6534134139037
98.99951607377996 101.18931179876596
110.84320913888969 101.18931179876596
110.84320913888969 108.6534134139037
108.6534134139037 98.99951607377996
101.18931179876596 110.84320913888969
101.18931179876596 98.99951607377996
108.6534134139037 110.84320913888969
96.99954481603785 108.64269109114144
96.99954481603785 101.2000341215282
112.84318039663181 101.2000341215282
112.84318039663181 108.64269109114144
108.64269109114144 96.99954481603785
101.2000341215282 112.84318039663181
101.2000341215282 96.99954481603785
108.64269109114144 112.84318039663181
94.99957239711597 108.63218758925996
94.99957239711597 101.21053762340969
114.84315281555368 101.21053762340969
114.84315281555368 108.63218758925996
108.63218758925996 94.99957239711597
101.21053762340969 114.84315281555368
101.21053762340969 94.99957239711597
108.63218758925996 114.84315281555368
92.99959884095597 108.62190290838495
92.99959884095597 101.2208223042847
116.8431263717137 101.2208223042847
116.8431263717137 108.62190290838495
108.62190290838495 92.99959884095597
101.2208223042847 116.8431263717137
101.2208223042847 92.99959884095597
108.62190290838495 116.8431263717137
90.99962417149948 108.61183704863957
90.99962417149948 101.23088816403008
118.84310104117017 101.23088816403008
118.84310104117017 108.61183704863957
108.61183704863957 90.99962417149948
101.23088816403008 118.84310104117017
101.23088816403008 90.99962417149948
108.61183704863957 118.84310104117017
88.99964841268817 108.6019900101443
88.99964841268817 101.24073520252534
120.84307679998149 101.24073520252534
120.84307679998149 108.6019900101443
108.6019900101443 88.99964841268817
101.24073520252534 120.84307679998149
101.24073520252534 88.99964841268817
108.6019900101443 120.84307679998149
86.99967158846371 108.59236179301703
86.99967158846371 101.25036341965263
122.84305362420595 101.25036341965263
122.84305362420595 108.59236179301703
108.59236179301703 86.99967158846371
101.25036341965263 122.84305362420595
101.25036341965263 86.99967158846371
108.59236179301703 122.84305362420595
84.99969372276779 108.582952397373
84.99969372276779 101.25977281529664
124.84303148990186 101.25977281529664
124.84303148990186 108.582952397373
108.582952397373 84.99969372276779
101.25977281529664 124.84303148990186
101.25977281529664 84.99969372276779
108.582952397373 124.84303148990186
82.99971483954211 108.57376182332487
82.99971483954211 101.26896338934479
126.84301037312756 101.26896338934479
126.84301037312756 108.57376182332487
108.57376182332487 82.99971483954211
101.26896338934479 126.84301037312756
101.26896338934479 82.99971483954211
108.57376182332487 126.84301037312756
80.99973496272835 108.56479007098265
80.99973496272835 101.27793514168701
128.8429902499413 101.27793514168701
128.8429902499413 108.56479007098265
108.56479007098265 80.99973496272835
101.27793514168701 128.8429902499413
101.27793514168701 80.99973496272835
108.56479007098265 128.8429902499413
78.99975411626829 108.55603714045374
78.99975411626829 101.28668807221592
130.84297109640136 101.28668807221592
130.84297109640136 108.55603714045374
108.55603714045374 78.99975411626829
101.28668807221592 130.84297109640136
101.28668807221592 78.99975411626829
108.55603714045374 130.84297109640136
76.99977232410362 108.54750303184291
76.99977232410362 101.29522218082674
132.84295288856603 101.29522218082674
132.84295288856603 108.54750303184291
108.54750303184291 76.99977232410362
101.29522218082674 132.84295288856603
101.29522218082674 76.99977232410362
108.54750303184291 132.84295288856603
74.99978961017608 108.53918774525235
74.99978961017608 101.30353746741731
134.84293560249358 101.30353746741731
134.84293560249358 108.53918774525235
108.53918774525235 74.99978961017608
101.30353746741731 134.84293560249358
101.30353746741731 74.99978961017608
108.53918774525235 134.84293560249358
72.99980599842746 108.53109128078158
72.99980599842746 101.31163393188808
136.8429192142422 101.31163393188808
136.8429192142422 108.53109128078158
108.53109128078158 72.99980599842746
101.31163393188808 136.8429192142422
101.31163393188808 72.99980599842746
108.53109128078158 136.8429192142422
70.9998215127995 108.52321363852752
70.9998215127995 101.31951157414213
138.84290369987016 101.31951157414213
138.84290369987016 108.52321363852752
108.52321363852752 70.9998215127995
101.31951157414213 138.84290369987016
101.31951157414213 70.9998215127995
108.52321363852752 138.84290369987016
68.999836177234 108.5155548185845
68.999836177234 101.32717039408516
140.84288903543566 101.32717039408516
140.84288903543566 108.5155548185845
108.5155548185845 68.999836177234
101.32717039408516 140.84288903543566
101.32717039408516 68.999836177234
108.5155548185845 140.84288903543566
66.99985001567272 108.50811482104417
66.99985001567272 101.33461039162547
142.84287519699694 101.33461039162547
142.84287519699694 108.50811482104417
108.50811482104417 66.99985001567272
101.33461039162547 142.84287519699694
101.33461039162547 66.99985001567272
108.50811482104417 142.84287519699694
64.99986305205748 108.50089364599563
64.99986305205748 101.34183156667403
144.84286216061219 101.34183156667403
144.84286216061219 108.50089364599563
108.50089364599563 64.99986305205748
101.34183156667403 144.84286216061219
101.34183156667403 64.99986305205748
108.50089364599563 144.84286216061219
62.999875310330076 108.4938912935253
62.999875310330076 101.34883391914437
146.8428499023396 101.34883391914437
146.8428499023396 108.4938912935253
108.4938912935253 62.999875310330076
101.34883391914437 146.8428499023396
101.34883391914437 62.999875310330076
108.4938912935253 146.8428499023396
60.99988681443232 108.48710776371699
60.99988681443232 101.35561744895266
148.84283839823732 101.35561744895266
148.84283839823732 108.48710776371699
108.48710776371699 60.99988681443232
101.35561744895266 148.84283839823732
101.35561744895266 60.99988681443232
108.48710776371699 148.84283839823732
58.999897588306055 108.48054305665194
58.999897588306055 101.36218215601771
150.8428276243636 101.36218215601771
150.8428276243636 108.48054305665194
108.48054305665194 58.999897588306055
101.36218215601771 150.8428276243636
101.36218215601771 58.999897588306055
108.48054305665194 150.8428276243636
56.999907655893104 108.47419717240872
56.999907655893104 101.36852804026094
152.84281755677654 101.36852804026094
152.84281755677654 108.47419717240872
108.47419717240872 56.999907655893104
101.36852804026094 152.84281755677654
101.36852804026094 56.999907655893104
108.47419717240872 152.84281755677654
54.999917041135305 108.4680701110633
54.999917041135305 101.37465510160636
154.84280817153436 101.37465510160636
154.84280817153436 108.4680701110633
108.4680701110633 54.999917041135305
101.37465510160636 154.84280817153436
101.37465510160636 54.999917041135305
108.4680701110633 154.84280817153436
52.99992576797452 108.46216187268901
52.99992576797452 101.38056333998064
156.84279944469515 101.38056333998064
156.84279944469515 108.46216187268901
108.46216187268901 52.99992576797452
101.38056333998064 156.84279944469515
101.38056333998064 52.99992576797452
108.46216187268901 156.84279944469515
50.9999338603526 108.45647245735661
50.9999338603526 101.38625275531305
158.84279135231705 101.38625275531305
158.84279135231705 108.45647245735661
108.45647245735661 50.9999338603526
101.38625275531305 158.84279135231705
101.38625275531305 50.9999338603526
108.45647245735661 158.84279135231705
48.99994134221141 108.45100186513417
48.99994134221141 101.39172334753547
160.84278387045825 101.39172334753547
160.84278387045825 108.45100186513417
108.45100186513417 48.99994134221141
101.39172334753547 160.84278387045825
101.39172334753547 48.99994134221141
108.45100186513417 160.84278387045825
46.99994823749282 108.44575009608722
46.99994823749282 101.39697511658244
162.84277697517683 101.39697511658244
162.84277697517683 108.44575009608722
108.44575009608722 46.99994823749282
101.39697511658244 162.84277697517683
101.39697511658244 46.99994823749282
108.44575009608722 162.84277697517683
44.999954570138726 108.4407171502786
44.999954570138726 101.40200806239106
164.84277064253092 101.40200806239106
164.84277064253092 108.4407171502786
108.4407171502786 44.999954570138726
101.40200806239106 164.84277064253092
101.40200806239106 44.999954570138726
108.4407171502786 164.84277064253092
42.999960364091 108.43590302776856
42.999960364091 101.40682218490109
166.84276484857864 101.40682218490109
166.84276484857864 108.43590302776856
108.43590302776856 42.999960364091
101.40682218490109 166.84276484857864
101.40682218490109 42.999960364091
108.43590302776856 166.84276484857864
40.99996564329155 108.43130772861474
40.99996564329155 101.41141748405491
168.8427595693781 101.41141748405491
168.8427595693781 108.43130772861474
108.43130772861474 40.99996564329155
101.41141748405491 168.8427595693781
101.41141748405491 40.99996564329155
108.43130772861474 168.8427595693781
38.999970431682264 108.42693125287215
38.999970431682264 101.41579395979751
170.84275478098738 101.41579395979751
170.84275478098738 108.42693125287215
108.42693125287215 38.999970431682264
101.41579395979751 170.84275478098738
101.41579395979751 38.999970431682264
108.42693125287215 170.84275478098738
36.99997475320505 108.42277360059317
36.99997475320505 101.41995161207649
172.8427504594646 101.41995161207649
172.8427504594646 108.42277360059317
108.42277360059317 36.99997475320505
101.41995161207649 172.8427504594646
101.41995161207649 36.99997475320505
108.42277360059317 172.8427504594646
34.999978631801824 108.41883477182758
34.999978631801824 101.42389044084207
174.84274658086784 101.42389044084207
174.84274658086784 108.41883477182758
108.41883477182758 34.999978631801824
101.42389044084207 174.84274658086784
101.42389044084207 34.999978631801824
108.41883477182758 174.84274658086784
32.999982091414495 108.41511476662252
32.999982091414495 101.42761044604713
176.84274312125515 101.42761044604713
176.84274312125515 108.41511476662252
108.41511476662252 32.999982091414495
101.42761044604713 176.84274312125515
101.42761044604713 32.999982091414495
108.41511476662252 176.84274312125515
30.999985155984994 108.41161358502255
30.999985155984994 101.4311116276471
178.84274005668465 101.4311116276471
178.84274005668465 108.41161358502255
108.41161358502255 30.999985155984994
101.4311116276471 178.84274005668465
101.4311116276471 30.999985155984994
108.41161358502255 178.84274005668465
28.99998784945524 108.40833122706955
28.99998784945524 101.4343939856001
180.8427373632144 101.4343939856001
180.8427373632144 108.40833122706955
108.40833122706955 28.99998784945524
101.4343939856001 180.8427373632144
101.4343939856001 28.99998784945524
108.40833122706955 180.8427373632144
26.999990195767168 108.40526769280284
26.999990195767168 101.43745751986681
182.84273501690248 101.43745751986681
182.84273501690248 108.40526769280284
108.40526769280284 26.999990195767168
101.43745751986681 182.84273501690248
101.43745751986681 26.999990195767168
108.40526769280284 182.84273501690248
24.99999221886271 108.40242298225908
24.99999221886271 101.44030223041058
184.84273299380695 101.44030223041058
184.84273299380695 108.40242298225908
108.40242298225908 24.99999221886271
101.44030223041058 184.84273299380695
101.44030223041058 24.99999221886271
108.40242298225908 184.84273299380695
22.99999394268381 108.39979709547232
22.99999394268381 101.44292811719734
186.84273126998585 101.44292811719734
186.84273126998585 108.39979709547232
108.39979709547232 22.99999394268381
101.44292811719734 186.84273126998585
101.44292811719734 22.99999394268381
108.39979709547232 186.84273126998585
20.9999953911724 108.397390032474
20.9999953911724 101.44533518019566
188.84272982149724 101.44533518019566
188.84272982149724 108.397390032474
108.397390032474 20.9999953911724
101.44533518019566 188.84272982149724
101.44533518019566 20.9999953911724
108.397390032474 188.84272982149724
18.999996588270438 108.39520179329294
18.999996588270438 101.44752341937672
190.84272862439923 101.44752341937672
190.84272862439923 108.39520179329294
108.39520179329294 18.999996588270438
101.44752341937672 190.84272862439923
101.44752341937672 18.999996588270438
108.39520179329294 190.84272862439923
16.999997557919865 108.39323237795531
16.999997557919865 101.44949283471433
192.84272765474978 101.44949283471433
192.84272765474978 108.39323237795531
108.39323237795531 16.999997557919865
101.44949283471433 192.84272765474978
101.44949283471433 16.999997557919865
108.39323237795531 192.84272765474978
14.999998324062638 108.39148178648473
14.999998324062638 101.45124342618493
194.84272688860702 101.45124342618493
194.84272688860702 108.39148178648473
108.39148178648473 14.999998324062638
101.45124342618493 194.84272688860702
101.45124342618493 14.999998324062638
108.39148178648473 194.84272688860702
12.999998910640706 108.38995001890213
12.999998910640706 101.45277519376754
196.84272630202895 101.45277519376754
196.84272630202895 108.38995001890213
108.38995001890213 12.999998910640706
101.45277519376754 196.84272630202895
101.45277519376754 12.999998910640706
108.38995001890213 196.84272630202895
10.999999341596025 108.38863707522583
10.999999341596025 101.45408813744382
198.84272587107364 101.45408813744382
198.84272587107364 108.38863707522583
108.38863707522583 10.999999341596025
101.45408813744382 198.84272587107364
101.45408813744382 10.999999341596025
108.38863707522583 198.84272587107364
8.999999640870557 108.38754295547157
8.999999640870557 101.45518225719808
200.8427255717991 101.45518225719808
200.8427255717991 108.38754295547157
108.38754295547157 8.999999640870557
101.45518225719808 200.8427255717991
101.45518225719808 8.999999640870557
108.38754295547157 200.8427255717991
6.999999832406259 108.38666765965246
6.999999832406259 101.4560575530172
202.8427253802634 101.4560575530172
202.8427253802634 108.38666765965246
108.38666765965246 6.999999832406259
101.4560575530172 202.8427253802634
101.4560575530172 6.999999832406259
108.38666765965246 202.8427253802634
4.999999940145092 108.38601118777895
4.999999940145092 101.4567140248907
204.84272527252458 101.4567140248907
204.84272527252458 108.38601118777895
108.38601118777895 4.999999940145092
101.4567140248907 204.84272527252458
101.4567140248907 4.999999940145092
108.38601118777895 204.84272527252458
2.9999999880290185 108.38557353985891
2.9999999880290185 101.45715167281075
206.84272522464065 101.45715167281075
206.84272522464065 108.38557353985891
108.38557353985891 2.9999999880290185
101.45715167281075 206.84272522464065
101.45715167281075 2.9999999880290185
108.38557353985891 206.84272522464065
1.0 108.38535471589758
1.0 101.45737049677207
208.84272521266965 101.45737049677207
208.84272521266965 108.38535471589758
108.38535471589758 1.0
101.45737049677207 208.84272521266965
101.45737049677207 1.0
108.38535471589758 208.84272521266965
98.99951607377996 106.6534134139037
98.99951607377996 103.18931179876596
110.84320913888969 103.18931179876596
110.84320913888969 106.6534134139037
106.6534134139037 98.99951607377996
103.18931179876596 110.84320913888969
103.18931179876596 98.99951607377996
106.6534134139037 110.84320913888969
96.9813107507185 106.64277421315329
96.9813107507185 103.19995099951637
112.86141446195116 103.19995099951637
112.86141446195116 106.64277421315329
106.64277421315329 96.9813107507185
103.19995099951637 112.86141446195116
103.19995099951637 96.9813107507185
106.64277421315329 112.86141446195116
94.92925558678913 106.63342408494398
94.92925558678913 103.20930112772567
114.91346962588054 103.20930112772567
114.91346962588054 106.63342408494398
106.63342408494398 94.92925558678913
103.20930112772567 114.91346962588054
103.20930112772567 94.92925558678913
106.63342408494398 114.91346962588054
92.85162025573108 106.62738483669074
92.85162025573108 103.21534037597891
116.99110495693859 103.21534037597891
116.99110495693859 106.62738483669074
106.62738483669074 92.85162025573108
103.21534037597891 116.99110495693859
103.21534037597891 92.85162025573108
106.62738483669074 116.99110495693859
90.76182841415815 106.62602407210063
90.76182841415815 103.21670114056901
119.08089679851152 103.21670114056901
119.08089679851152 106.62602407210063
106.62602407210063 90.76182841415815
103.21670114056901 119.08089679851152
103.21670114056901 90.76182841415815
106.62602407210063 119.08089679851152
88.67412288818385 106.62865954291482
88.67412288818385 103.21406566975485
121.16860232448582 103.21406566975485
121.16860232448582 106.62865954291482
106.62865954291482 88.67412288818385
103.21406566975485 121.16860232448582
103.21406566975485 88.67412288818385
106.62865954291482 121.16860232448582
86.59804267828888 106.63310320403195
86.59804267828888 103.2096220086377
123.24468253438077 103.2096220086377
123.24468253438077 106.63310320403195
106.63310320403195 86.59804267828888
103.2096220086377 123.24468253438077
103.2096220086377 86.59804267828888
106.63310320403195 123.24468253438077
84.53636094085195 106.63736181012138
84.53636094085195 103.20536340254827
125.30636427181771 103.20536340254827
125.30636427181771 106.63736181012138
106.63736181012138 84.53636094085195
103.20536340254827 125.30636427181771
103.20536340254827 84.53636094085195
106.63736181012138 125.30636427181771
82.48712736566407 106.64056393339655
82.48712736566407 103.20216127927311
127.35559784700558 103.20216127927311
127.35559784700558 106.64056393339655
106.64056393339655 82.48712736566407
103.20216127927311 127.35559784700558
103.20216127927311 82.48712736566407
106.64056393339655 127.35559784700558
80.44689237084768 106.64271695359022
80.44689237084768 103.20000825907944
129.39583284182197 103.20000825907944
129.39583284182197 106.64271695359022
106.64271695359022 80.44689237084768
103.20000825907944 129.39583284182197
103.20000825907944 80.44689237084768
106.64271695359022 129.39583284182197
78.41269346814875 106.64413761500019
78.41269346814875 103.19858759766946
131.4300317445209 103.19858759766946
131.4300317445209 106.64413761500019
106.64413761500019 78.41269346814875
103.19858759766946 131.4300317445209
103.19858759766946 78.41269346814875
106.64413761500019 131.4300317445209
76.38256848824103 106.64512046648007
76.38256848824103 103.19760474618958
133.46015672442863 103.19760474618958
133.46015672442863 106.64512046648007
106.64512046648007 76.38256848824103
103.19760474618958 133.46015672442863
103.19760474618958 76.38256848824103
106.64512046648007 133.46015672442863
74.35536050972465 106.64585440574466
74.35536050972465 103.196870806925
135.487364702945 103.196870806925
135.487364702945 106.64585440574466
106.64585440574466 74.35536050972465
103.196870806925 135.487364702945
103.196870806925 74.35536050972465
106.64585440574466 135.487364702945
72.33040326111674 106.64644277899644
72.33040326111674 103.1962824336732
137.5123219515529 103.1962824336732
137.5123219515529 106.64644277899644
106.64644277899644 72.33040326111674
103.1962824336732 137.5123219515529
103.1962824336732 72.33040326111674
106.64644277899644 137.5123219515529
70.30729466629361 106.6469389872921
70.30729466629361 103.19578622537755
139.53543054637603 103.19578622537755
139.53543054637603 106.6469389872921
106.6469389872921 70.30729466629361
103.19578622537755 139.53543054637603
103.19578622537755 70.30729466629361
106.6469389872921 139.53543054637603
68.28577038003735 106.64737119878855
68.28577038003735 103.19535401388111
141.5569548326323 103.19535401388111
141.5569548326323 106.64737119878855
106.64737119878855 68.28577038003735
103.19535401388111 141.5569548326323
103.19535401388111 68.28577038003735
106.64737119878855 141.5569548326323
66.26564081116632 106.64775548908219
66.26564081116632 103.19496972358746
143.57708440150333 103.19496972358746
143.57708440150333 106.64775548908219
106.64775548908219 66.26564081116632
103.19496972358746 143.57708440150333
103.19496972358746 66.26564081116632
106.64775548908219 143.57708440150333
64.24676069421508 106.64810201210578
64.24676069421508 103.19462320056388
145.59596451845456 103.19462320056388
145.59596451845456 106.64810201210578
106.64810201210578 64.24676069421508
103.19462320056388 145.59596451845456
103.19462320056388 64.24676069421508
106.64810201210578 145.59596451845456
62.229013776572764 106.64841777819831
62.229013776572764 103.19430743447134
147.61371143609688 103.19430743447134
147.61371143609688 106.64841777819831
106.64841777819831 62.229013776572764
103.19430743447134 147.61371143609688
103.19430743447134 62.229013776572764
106.64841777819831 147.61371143609688
60.21230437705929 106.64870794204012
60.21230437705929 103.19401727062953
149.63042083561038 103.19401727062953
149.63042083561038 106.64870794204012
106.64870794204012 60.21230437705929
103.19401727062953 149.63042083561038
103.19401727062953 60.21230437705929
106.64870794204012 149.63042083561038
58.196552220385826 106.64897645402972
58.196552220385826 103.19374875863994
151.64617299228382 103.19374875863994
151.64617299228382 106.64897645402972
106.64897645402972 58.196552220385826
103.19374875863994 151.64617299228382
103.19374875863994 58.196552220385826
106.64897645402972 151.64617299228382
56.181688991805636 106.6492264280572
56.181688991805636 103.19349878461244
153.66103622086402 103.19349878461244
153.66103622086402 106.6492264280572
106.6492264280572 56.181688991805636
103.19349878461244 153.66103622086402
103.19349878461244 56.181688991805636
106.6492264280572 153.66103622086402
54.167655897965886 106.64946037019794
54.167655897965886 103.1932648424717
155.67506931470376 103.1932648424717
155.67506931470376 106.64946037019794
106.64946037019794 54.167655897965886
103.1932648424717 155.67506931470376
103.1932648424717 54.167655897965886
106.64946037019794 155.67506931470376
52.15440187046549 106.6496803310613
52.15440187046549 103.19304488160834
157.68832334220417 103.19304488160834
157.68832334220417 106.6496803310613
106.6496803310613 52.15440187046549
103.19304488160834 157.68832334220417
103.19304488160834 52.15440187046549
106.6496803310613 157.68832334220417
50.14188220571099 106.64988801206577
50.14188220571099 103.19283720060389
159.70084300695868 103.19283720060389
159.70084300695868 106.64988801206577
106.64988801206577 50.14188220571099
103.19283720060389 159.70084300695868
103.19283720060389 50.14188220571099
106.64988801206577 159.70084300695868
48.13005751331577 106.65008484199683
48.13005751331577 103.19264037067282
161.7126676993539 103.19264037067282
161.7126676993539 106.65008484199683
106.65008484199683 48.13005751331577
103.19264037067282 161.7126676993539
103.19264037067282 48.13005751331577
106.65008484199683 161.7126676993539
46.11889288915499 106.65027203351856
46.11889288915499 103.19245317915109
163.72383232351467 103.19245317915109
163.72383232351467 106.65027203351856
106.65027203351856 46.11889288915499
103.19245317915109 163.72383232351467
103.19245317915109 46.11889288915499
106.65027203351856 163.72383232351467
44.10835725573357 106.65045062572268
44.10835725573357 103.19227458694698
165.73436795693607 103.19227458694698
165.73436795693607 106.65045062572268
106.65045062572268 44.10835725573357
103.19227458694698 165.73436795693607
103.19227458694698 44.10835725573357
106.65045062572268 165.73436795693607
42.098422829504116 106.65062151670904
42.098422829504116 103.19210369596063
167.74430238316555 103.19210369596063
167.74430238316555 106.65062151670904
106.65062151670904 42.098422829504116
103.19210369596063 167.74430238316555
103.19210369596063 42.098422829504116
106.65062151670904 167.74430238316555
40.0890646860589 106.65078548890173
40.0890646860589 103.19193972376793
169.75366052661076 103.19193972376793
169.75366052661076 106.65078548890173
106.65078548890173 40.0890646860589
103.19193972376793 169.75366052661076
103.19193972376793 40.0890646860589
106.65078548890173 169.75366052661076
38.080260401843205 106.65094322897856
38.080260401843205 103.19178198369109
171.76246481082646 103.19178198369109
171.76246481082646 106.65094322897856
106.65094322897856 38.080260401843205
103.19178198369109 171.76246481082646
103.19178198369109 38.080260401843205
106.65094322897856 171.76246481082646
36.07198975644644 106.65109534374433
36.07198975644644 103.19162986892532
173.7707354562232 103.19162986892532
173.7707354562232 106.65109534374433
106.65109534374433 36.07198975644644
103.19162986892532 173.7707354562232
103.19162986892532 36.07198975644644
106.65109534374433 173.7707354562232
34.06423448339171 106.65124237290858
34.06423448339171 103.19148283976108
175.77849072927796 103.19148283976108
175.77849072927796 106.65124237290858
106.65124237290858 34.06423448339171
103.19148283976108 175.77849072927796
103.19148283976108 34.06423448339171
106.65124237290858 175.77849072927796
32.05697806015309 106.65138479947203
32.05697806015309 103.19134041319764
177.78574715251656 103.19134041319764
177.78574715251656 106.65138479947203
106.65138479947203 32.05697806015309
103.19134041319764 177.78574715251656
103.19134041319764 32.05697806015309
106.65138479947203 177.78574715251656
30.05020553020316 106.65152305824567
30.05020553020316 103.19120215442399
179.7925196824665 103.19120215442399
179.7925196824665 106.65152305824567
106.65152305824567 30.05020553020316
103.19120215442399 179.7925196824665
103.19120215442399 30.05020553020316
106.65152305824567 179.7925196824665
28.04390335144399 106.65165754289751
28.04390335144399 103.19106766977214
181.79882186122566 103.19106766977214
181.79882186122566 106.65165754289751
106.65165754289751 28.04390335144399
103.19106766977214 181.79882186122566
103.19106766977214 28.04390335144399
106.65165754289751 181.79882186122566
26.038059266550846 106.65178861182781
26.038059266550846 103.19093660084184
183.8046659461188 103.19093660084184
183.8046659461188 106.65178861182781
106.65178861182781 26.038059266550846
103.19093660084184 183.8046659461188
103.19093660084184 26.038059266550846
106.65178861182781 183.8046659461188
24.0326621916582 106.65191659310521
24.0326621916582 103.19080861956445
185.81006302101144 103.19080861956445
185.81006302101144 106.65191659310521
106.65191659310521 24.0326621916582
103.19080861956445 185.81006302101144
103.19080861956445 24.0326621916582
106.65191659310521 185.81006302101144
22.027702120515844 106.65204178864435
22.027702120515844 103.1906834240253
187.8150230921538 103.1906834240253
187.8150230921538 106.65204178864435
106.65204178864435 22.027702120515844
103.1906834240253 187.8150230921538
103.1906834240253 22.027702120515844
106.65204178864435 187.8150230921538
20.023170041788617 106.65216447776731
20.023170041788617 103.19056073490233
189.81955517088105 103.19056073490233
189.81955517088105 106.65216447776731
106.65216447776731 20.023170041788617
103.19056073490233 189.81955517088105
103.19056073490233 20.023170041788617
106.65216447776731 189.81955517088105
18.019057867604506 106.65228492026132
18.019057867604506 103.19044029240833
191.82366734506516 103.19044029240833
191.82366734506516 106.65228492026132
106.65228492026132 18.019057867604506
103.19044029240833 191.82366734506516
103.19044029240833 18.019057867604506
106.65228492026132 191.82366734506516
16.015358371799312 106.6524033590233
16.015358371799312 103.19032185364637
193.82736684087035 103.19032185364637
193.82736684087035 106.6524033590233
106.6524033590233 16.015358371799312
103.19032185364637 193.82736684087035
103.19032185364637 16.015358371799312
106.6524033590233 193.82736684087035
14.012065136582093 106.65252002236382
14.012065136582093 103.19020519030585
195.83066007608755 103.19020519030585
195.83066007608755 106.65252002236382
106.65252002236382 14.012065136582093
103.19020519030585 195.83066007608755
103.19020519030585 14.012065136582093
106.65252002236382 195.83066007608755
12.009172506569485 106.65263512602999
12.009172506569485 103.19009008663966
197.83355270610016 103.19009008663966
197.83355270610016 106.65263512602999
106.65263512602999 12.009172506569485
103.19009008663966 197.83355270610016
103.19009008663966 12.009172506569485
106.65263512602999 197.83355270610016
10.006675549319839 106.65274887499574
10.006675549319839 103.18997633767391
199.83604966334983 103.18997633767391
199.83604966334983 106.65274887499574
106.65274887499574 10.006675549319839
103.18997633767391 199.83604966334983
103.18997633767391 10.006675549319839
106.65274887499574 199.83604966334983
8.004570021649199 106.65286146505991
8.004570021649199 103.18986374760973
201.83815519102046 103.18986374760973
201.83815519102046 106.65286146505991
106.65286146505991 8.004570021649199
103.18986374760973 201.83815519102046
103.18986374760973 8.004570021649199
106.65286146505991 201.83815519102046
6.002852341136831 106.652973084286
6.002852341136831 103.18975212838366
203.83987287153283 103.18975212838366
203.83987287153283 106.652973084286
106.652973084286 6.002852341136831
103.18975212838366 203.83987287153283
103.18975212838366 6.002852341136831
106.652973084286 203.83987287153283
4.001519562333845 106.6530839143119
4.001519562333845 103.18964129835774
205.8412056503358 103.18964129835774
205.8412056503358 106.6530839143119
106.6530839143119 4.001519562333845
103.18964129835774 205.8412056503358
103.18964129835774 4.001519562333845
106.6530839143119 205.8412056503358
2.0005693572785663 106.65319413155432
2.0005693572785663 103.18953108111533
207.8421558553911 103.18953108111533
207.8421558553911 106.65319413155432
106.65319413155432 2.0005693572785663
103.18953108111533 207.8421558553911
103.18953108111533 2.0005693572785663
106.65319413155432 207.8421558553911
209.84272521266965 106.65330390832871
209.84272521266965 103.18942130434095
106.65330390832871 209.84272521266965
103.18942130434095 209.84272521266965
111.84320913888969 104.92136260633482
97.99951607377996 104.92136260633482
104.92136260633482 97.99951607377996
104.92136260633482 111.84320913888969
113.87961978501261 104.92136260633482
95.96310542765704 104.92136260633482
104.92136260633482 95.96310542765704
104.92136260633482 113.87961978501261
115.94731946674845 104.92136260633482
93.89540574592121 104.92136260633482
104.92136260633482 93.89540574592121
104.92136260633482 115.94731946674845
118.0348904471287 104.92136260633482
91.80783476554095 104.92136260633482
104.92136260633482 91.80783476554095
104.92136260633482 118.0348904471287
120.12690314989432 104.92136260633482
89.71582206277533 104.92136260633482
104.92136260633482 89.71582206277533
104.92136260633482 120.12690314989432
122.2103014990773 104.92136260633482
87.63242371359235 104.92136260633482
104.92136260633482 87.63242371359235
104.92136260633482 122.2103014990773
124.27906356968424 104.92136260633482
85.56366164298542 104.92136260633482
104.92136260633482 85.56366164298542
104.92136260633482 124.27906356968424
126.33366497395117 104.92136260633482
83.50906023871848 104.92136260633482
104.92136260633482 83.50906023871848
104.92136260633482 126.33366497395117
128.37753072005998 104.92136260633482
81.46519449260965 104.92136260633482
104.92136260633482 81.46519449260965
104.92136260633482 128.37753072005998
130.41413496358396 104.92136260633482
79.42859024908569 104.92136260633482
104.92136260633482 79.42859024908569
104.92136260633482 130.41413496358396
132.44592852545784 104.92136260633482
77.3967966872118 104.92136260633482
104.92136260633482 77.3967966872118
104.92136260633482 132.44592852545784
134.47438492339938 104.92136260633482
75.36834028927025 104.92136260633482
104.92136260633482 75.36834028927025
104.92136260633482 134.47438492339938
136.50034448249062 104.92136260633482
73.34238073017904 104.92136260633482
104.92136260633482 73.34238073017904
104.92136260633482 136.50034448249062
138.52429942061522 104.92136260633482
71.31842579205444 104.92136260633482
104.92136260633482 71.31842579205444
104.92136260633482 138.52429942061522
140.54656167213687 104.92136260633482
69.29616354053277 104.92136260633482
104.92136260633482 69.29616354053277
104.92136260633482 140.54656167213687
142.56734799312773 104.92136260633482
67.27537721954192 104.92136260633482
104.92136260633482 67.27537721954192
104.92136260633482 142.56734799312773
144.58682080987893 104.92136260633482
65.25590440279072 104.92136260633482
104.92136260633482 65.25590440279072
104.92136260633482 144.58682080987893
146.6051082270302 104.92136260633482
63.23761698563945 104.92136260633482
104.92136260633482 63.23761698563945
104.92136260633482 146.6051082270302
148.62231464516356 104.92136260633482
61.220410567506086 104.92136260633482
104.92136260633482 61.220410567506086
104.92136260633482 148.62231464516356
150.63852702605718 104.92136260633482
59.20419818661249 104.92136260633482
104.92136260633482 59.20419818661249
104.92136260633482 150.63852702605718
152.6538189585105 104.92136260633482
57.18890625415917 104.92136260633482
104.92136260633482 57.18890625415917
104.92136260633482 152.6538189585105
154.66825348321754 104.92136260633482
55.17447172945211 104.92136260633482
104.92136260633482 55.17447172945211
104.92136260633482 154.66825348321754
156.68188514618998 104.92136260633482
53.160840066479665 104.92136260633482
104.92136260633482 53.160840066479665
104.92136260633482 156.68188514618998
158.69476153821833 104.92136260633482
51.14796367445131 104.92136260633482
104.92136260633482 51.14796367445131
104.92136260633482 158.69476153821833
160.706924475699 104.92136260633482
49.13580073697067 104.92136260633482
104.92136260633482 49.13580073697067
104.92136260633482 160.706924475699
162.71841092300878 104.92136260633482
47.12431428966087 104.92136260633482
104.92136260633482 47.12431428966087
104.92136260633482 162.71841092300878
164.72925372402054 104.92136260633482
45.11347148864911 104.92136260633482
104.92136260633482 45.11347148864911
104.92136260633482 164.72925372402054
166.73948218985163 104.92136260633482
43.103243022818035 104.92136260633482
104.92136260633482 43.103243022818035
104.92136260633482 166.73948218985163
168.74912257647946 104.92136260633482
41.0936026361902 104.92136260633482
104.92136260633482 41.0936026361902
104.92136260633482 168.74912257647946
170.75819847674205 104.92136260633482
39.084526735927604 104.92136260633482
104.92136260633482 39.084526735927604
104.92136260633482 170.75819847674205
172.76673114491084 104.92136260633482
37.075994067758806 104.92136260633482
104.92136260633482 37.075994067758806
104.92136260633482 172.76673114491084
174.77473976753558 104.92136260633482
35.06798544513408 104.92136260633482
104.92136260633482 35.06798544513408
104.92136260633482 174.77473976753558
176.78224169102032 104.92136260633482
33.06048352164933 104.92136260633482
104.92136260633482 33.06048352164933
104.92136260633482 176.78224169102032
178.7892526140128 104.92136260633482
31.053472598656853 104.92136260633482
104.92136260633482 31.053472598656853
104.92136260633482 178.7892526140128
180.7957867509202 104.92136260633482
29.046938461749466 104.92136260633482
104.92136260633482 29.046938461749466
104.92136260633482 180.7957867509202
182.80185697153115 104.92136260633482
27.040868241138515 104.92136260633482
104.92136260633482 27.040868241138515
104.92136260633482 182.80185697153115
184.80747492070648 104.92136260633482
25.035250291963177 104.92136260633482
104.92136260633482 25.035250291963177
104.92136260633482 184.80747492070648
186.81265112131643 104.92136260633482
23.030074091353224 104.92136260633482
104.92136260633482 23.030074091353224
104.92136260633482 186.81265112131643
188.81739506299118 104.92136260633482
21.025330149678464 104.92136260633482
104.92136260633482 21.025330149678464
104.92136260633482 188.81739506299118
190.82171527877088 104.92136260633482
19.02100993389877 104.92136260633482
104.92136260633482 19.02100993389877
104.92136260633482 190.82171527877088
192.8256194113594 104.92136260633482
17.017105801310244 104.92136260633482
104.92136260633482 17.017105801310244
104.92136260633482 192.8256194113594
194.82911427038127 104.92136260633482
15.013610942288377 104.92136260633482
104.92136260633482 15.013610942288377
104.92136260633482 194.82911427038127
196.83220588179384 104.92136260633482
13.010519330875807 104.92136260633482
104.92136260633482 13.010519330875807
104.92136260633482 196.83220588179384
198.8348995304065 104.92136260633482
11.007825682263162 104.92136260633482
104.92136260633482 11.007825682263162
104.92136260633482 198.8348995304065
200.83719979629313 104.92136260633482
9.005525416376514 104.92136260633482
104.92136260633482 9.005525416376514
104.92136260633482 200.83719979629313
202.83911058574776 104.92136260633482
7.003614626921882 104.92136260633482
104.92136260633482 7.003614626921882
104.92136260633482 202.83911058574776
204.84063515731788 104.92136260633482
5.002090055351779 104.92136260633482
104.92136260633482 5.002090055351779
104.92136260633482 204.84063515731788
206.84177614335374 104.92136260633482
3.000949069315911 104.92136260633482
104.92136260633482 3.000949069315911
104.92136260633482 206.84177614335374
208.84253556742843 104.92136260633482
1.0001896452412211 104.92136260633482
104.92136260633482 1.0001896452412211
104.92136260633482 208.84253556742843
108.85321425891297 106.85321425891297
100.98951095375669 106.85321425891297
108.85321425891297 102.98951095375669
100.98951095375669 102.98951095375669
106.85321425891297 108.85321425891297
102.98951095375669 108.85321425891297
106.85321425891297 100.98951095375669
102.98951095375669 100.98951095375669
108.85321425891297 108.85321425891297
108.85321425891297 100.98951095375669
100.98951095375669 100.98951095375669
100.98951095375669 108.85321425891297
104.92136260633482 106.33557616870792
104.92136260633482 103.50714904396173
103.50714904396173 104.92136260633482
106.33557616870792 104.92136260633482
104.92136260633482 108.33557616870792
104.92136260633482 101.50714904396173
101.50714904396173 104.92136260633482
108.33557616870792 104.92136260633482
