# Core: kahle
# Chain: circle
# Phi: 0.7
# Layers: 10
# Precision: 15
# Bisection precision: 1E-100
# Final value of delta after bisection search: 0.033225527797683188710999390052496628619529277752587885929404374819896599899158266605120587152499393302787524582895335058149522502420061922014226468520942243234237819737996459791740014316301939283858756
# Distance precision: 1E-98
# Number of contacts: 324
# System length: 45.45893156739266
26.46151659126521 26.46151659126521
18.997414976127455 26.46151659126521
26.46151659126521 18.997414976127455
18.997414976127455 18.997414976127455
16.998149652017407 26.40731175927444
16.998149652017407 19.051619808118225
28.460781915375257 19.051619808118225
28.460781915375257 26.40731175927444
26.40731175927444 16.998149652017407
19.051619808118225 28.460781915375257
19.051619808118225 16.998149652017407
26.40731175927444 28.460781915375257
14.998730144130587 26.35912844803884
14.998730144130587 19.099803119353822
30.460201423262077 19.099803119353822
30.460201423262077 26.35912844803884
26.35912844803884 14.998730144130587
19.099803119353822 30.460201423262077
19.099803119353822 14.998730144130587
26.35912844803884 30.460201423262077
12.999174588443992 26.316967094610977
12.999174588443992 19.141964472781687
32.459756978948676 19.141964472781687
32.459756978948676 26.316967094610977
26.316967094610977 12.999174588443992
19.141964472781687 32.459756978948676
19.141964472781687 12.999174588443992
26.316967094610977 32.459756978948676
10.999501122168656 26.280828081420513
10.999501122168656 19.17810348597215
34.45943044522401 19.17810348597215
34.45943044522401 26.280828081420513
26.280828081420513 10.999501122168656
19.17810348597215 34.45943044522401
19.17810348597215 10.999501122168656
26.280828081420513 34.45943044522401
8.999727883585136 26.25071173627075
8.999727883585136 19.208219831121916
36.45920368380753 19.208219831121916
36.45920368380753 26.25071173627075
26.25071173627075 8.999727883585136
19.208219831121916 36.45920368380753
19.208219831121916 8.999727883585136
26.25071173627075 36.45920368380753
6.999873011878986 26.226618332335647
6.999873011878986 19.232313235057017
38.45905855551368 19.232313235057017
38.45905855551368 26.226618332335647
26.226618332335647 6.999873011878986
19.232313235057017 38.45905855551368
19.232313235057017 6.999873011878986
26.226618332335647 38.45905855551368
4.9999546469762235 26.208548088157343
4.9999546469762235 19.25038347923532
40.45897692041644 19.25038347923532
40.45897692041644 26.208548088157343
26.208548088157343 4.9999546469762235
19.25038347923532 40.45897692041644
19.25038347923532 4.9999546469762235
26.208548088157343 40.45897692041644
2.9999909293787894 26.196501167644183
2.9999909293787894 19.26243039974848
42.45894063801387 19.26243039974848
42.45894063801387 26.196501167644183
26.196501167644183 2.9999909293787894
19.26243039974848 42.45894063801387
19.26243039974848 2.9999909293787894
26.196501167644183 42.45894063801387
1.0 26.190477680069215
1.0 19.26845388732345
44.45893156739266 19.26845388732345
44.45893156739266 26.190477680069215
26.190477680069215 1.0
19.26845388732345 44.45893156739266
19.26845388732345 1.0
26.190477680069215 44.45893156739266
18.997414976127455 24.46151659126521
18.997414976127455 20.997414976127455
26.46151659126521 20.997414976127455
26.46151659126521 24.46151659126521
24.46151659126521 18.997414976127455
20.997414976127455 26.46151659126521
20.997414976127455 18.997414976127455
24.46151659126521 26.46151659126521
16.911795087167427 24.409176906685765
16.911795087167427 21.0497546607069
28.547136480225237 21.0497546607069
28.547136480225237 24.409176906685765
24.409176906685765 16.911795087167427
21.0497546607069 28.547136480225237
21.0497546607069 16.911795087167427
24.409176906685765 28.547136480225237
14.699164490025183 24.38169060606241
14.699164490025183 21.077240961330254
30.75976707736748 21.077240961330254
30.75976707736748 24.38169060606241
24.38169060606241 14.699164490025183
21.077240961330254 30.75976707736748
21.077240961330254 14.699164490025183
24.38169060606241 30.75976707736748
12.459249852909975 24.391225346619173
12.459249852909975 21.06770622077349
32.99968171448269 21.06770622077349
32.99968171448269 24.391225346619173
24.391225346619173 12.459249852909975
21.06770622077349 32.99968171448269
21.06770622077349 12.459249852909975
24.391225346619173 32.99968171448269
10.273388686655329 24.417293608706657
10.273388686655329 21.041637958686007
35.18554288073734 21.041637958686007
35.18554288073734 24.417293608706657
24.417293608706657 10.273388686655329
21.041637958686007 35.18554288073734
21.041637958686007 10.273388686655329
24.417293608706657 35.18554288073734
8.158138170609226 24.436400088561587
8.158138170609226 21.022531478831077
37.30079339678344 21.022531478831077
37.30079339678344 24.436400088561587
24.436400088561587 8.158138170609226
21.022531478831077 37.30079339678344
21.022531478831077 8.158138170609226
24.436400088561587 37.30079339678344
6.089310024589741 24.445923230365945
6.089310024589741 21.01300833702672
39.369621542802925 21.01300833702672
39.369621542802925 24.445923230365945
24.445923230365945 6.089310024589741
21.01300833702672 39.369621542802925
21.01300833702672 6.089310024589741
24.445923230365945 39.369621542802925
4.045112988639453 24.451198547654748
4.045112988639453 21.007733019737916
41.413818578753215 21.007733019737916
41.413818578753215 24.451198547654748
24.451198547654748 4.045112988639453
21.007733019737916 41.413818578753215
21.007733019737916 4.045112988639453
24.451198547654748 41.413818578753215
2.016391689297184 24.45508434938645
2.016391689297184 21.003847218006214
43.44253987809548 21.003847218006214
43.44253987809548 24.45508434938645
24.45508434938645 2.016391689297184
21.003847218006214 43.44253987809548
21.003847218006214 2.016391689297184
24.45508434938645 43.44253987809548
45.45893156739266 24.458426872500336
45.45893156739266 21.000504694892328
24.458426872500336 45.45893156739266
21.000504694892328 45.45893156739266
27.46151659126521 22.72946578369633
17.997414976127455 22.72946578369633
22.72946578369633 17.997414976127455
22.72946578369633 27.46151659126521
29.632756369185262 22.72946578369633
15.8261751982074 22.72946578369633
22.72946578369633 15.8261751982074
22.72946578369633 29.632756369185262
31.886777785549697 22.72946578369633
13.572153781842967 22.72946578369633
22.72946578369633 13.572153781842967
22.72946578369633 31.886777785549697
34.11258564341568 22.72946578369633
11.346345923976985 22.72946578369633
22.72946578369633 11.346345923976985
22.72946578369633 34.11258564341568
36.25850011805899 22.72946578369633
9.200431449333674 22.72946578369633
22.72946578369633 9.200431449333674
22.72946578369633 36.25850011805899
38.343086675507884 22.72946578369633
7.115844891884777 22.72946578369633
22.72946578369633 7.115844891884777
22.72946578369633 38.343086675507884
40.39615641009796 22.72946578369633
5.0627751572947055 22.72946578369633
22.72946578369633 5.0627751572947055
22.72946578369633 40.39615641009796
42.431480747408465 22.72946578369633
3.027450819984199 22.72946578369633
22.72946578369633 3.027450819984199
22.72946578369633 42.431480747408465
44.4535990087825 22.72946578369633
1.0053325586101685 22.72946578369633
22.72946578369633 1.0053325586101685
22.72946578369633 44.4535990087825
23.72946578369633 23.72946578369633
23.72946578369633 21.72946578369633
21.72946578369633 21.72946578369633
21.72946578369633 23.72946578369633
22.72946578369633 25.46151659126521
22.72946578369633 19.997414976127455
19.997414976127455 22.72946578369633
25.46151659126521 22.72946578369633
