# Core: kahle
# Chain: circle
# Phi: 0.7
# Layers: 100
# Precision: 15
# Bisection precision: 1E-100
# Final value of delta after bisection search: 0.0027340686280878856711155533436508557599359782548978994745742646573325520174379841862815993786001326794094168040098245049375904985728017478534054143907051379582390821915087745726750502976491129093428269
# Distance precision: 1E-98
# Number of contacts: 3204
# System length: 405.4636204549798
206.46386103505876 206.46386103505876
198.999759419921 206.46386103505876
206.46386103505876 198.999759419921
198.999759419921 198.999759419921
196.99976660105332 206.4585015129042
196.99976660105332 199.00511894207554
208.46385385392642 199.00511894207554
208.46385385392642 206.4585015129042
206.4585015129042 196.99976660105332
199.00511894207554 208.46385385392642
199.00511894207554 196.99976660105332
206.4585015129042 208.46385385392642
194.99977363784504 206.45319612720942
194.99977363784504 199.01042432777032
210.4638468171347 199.01042432777032
210.4638468171347 206.45319612720942
206.45319612720942 194.99977363784504
199.01042432777032 210.4638468171347
199.01042432777032 194.99977363784504
206.45319612720942 210.4638468171347
192.99978053176156 206.44794487797836
192.99978053176156 199.01567557700142
212.46383992321822 199.01567557700142
212.46383992321822 206.44794487797836
206.44794487797836 192.99978053176156
199.01567557700142 212.46383992321822
199.01567557700142 192.99978053176156
206.44794487797836 212.46383992321822
190.99978728426822 206.4427477652148
190.99978728426822 199.02087268976496
214.46383317071152 199.02087268976496
214.46383317071152 206.4427477652148
206.4427477652148 190.99978728426822
199.02087268976496 214.46383317071152
199.02087268976496 190.99978728426822
206.4427477652148 214.46383317071152
188.99979389683043 206.43760478892256
188.99979389683043 199.0260156660572
216.46382655814932 199.0260156660572
216.46382655814932 206.43760478892256
206.43760478892256 188.99979389683043
199.0260156660572 216.46382655814932
199.0260156660572 188.99979389683043
206.43760478892256 216.46382655814932
186.9998003709136 206.4325159491054
186.9998003709136 199.03110450587434
218.46382008406616 199.03110450587434
218.46382008406616 206.4325159491054
206.4325159491054 186.9998003709136
199.03110450587434 218.46382008406616
199.03110450587434 186.9998003709136
206.4325159491054 218.46382008406616
184.99980670798305 206.4274812457671
184.99980670798305 199.03613920921265
220.4638137469967 199.03613920921265
220.4638137469967 206.4274812457671
206.4274812457671 184.99980670798305
199.03613920921265 220.4638137469967
199.03613920921265 184.99980670798305
206.4274812457671 220.4638137469967
182.99981290950421 206.42250067891132
182.99981290950421 199.04111977606843
222.46380754547553 199.04111977606843
222.46380754547553 206.42250067891132
206.42250067891132 182.99981290950421
199.04111977606843 222.46380754547553
199.04111977606843 182.99981290950421
206.42250067891132 222.46380754547553
180.99981897694246 206.4175742485417
180.99981897694246 199.04604620643804
224.46380147803728 199.04604620643804
224.46380147803728 206.4175742485417
206.4175742485417 180.99981897694246
199.04604620643804 224.46380147803728
199.04604620643804 180.99981897694246
206.4175742485417 224.46380147803728
178.99982491176317 206.41270195466186
178.99982491176317 199.0509185003179
226.46379554321658 199.0509185003179
226.46379554321658 206.41270195466186
206.41270195466186 178.99982491176317
199.0509185003179 226.46379554321658
199.0509185003179 178.99982491176317
206.41270195466186 226.46379554321658
176.99983071543176 206.40788379727536
176.99983071543176 199.0557366577044
228.463789739548 199.0557366577044
228.463789739548 206.40788379727536
206.40788379727536 176.99983071543176
199.0557366577044 228.463789739548
199.0557366577044 176.99983071543176
206.40788379727536 228.463789739548
174.99983638941356 206.40311977638575
174.99983638941356 199.060500678594
230.4637840655662 199.060500678594
230.4637840655662 206.40311977638575
206.40311977638575 174.99983638941356
199.060500678594 230.4637840655662
199.060500678594 174.99983638941356
206.40311977638575 230.4637840655662
172.99984193517398 206.3984098919965
172.99984193517398 199.06521056298325
232.46377851980577 199.06521056298325
232.46377851980577 206.3984098919965
206.3984098919965 172.99984193517398
199.06521056298325 232.46377851980577
199.06521056298325 172.99984193517398
206.3984098919965 232.46377851980577
170.99984735417843 206.39375414411106
170.99984735417843 199.0698663108687
234.46377310080132 199.0698663108687
234.46377310080132 206.39375414411106
206.39375414411106 170.99984735417843
199.0698663108687 234.46377310080132
199.0698663108687 170.99984735417843
206.39375414411106 234.46377310080132
168.99985264789225 206.38915253273285
168.99985264789225 199.0744679222469
236.4637678070875 199.0744679222469
236.4637678070875 206.38915253273285
206.38915253273285 168.99985264789225
199.0744679222469 236.4637678070875
199.0744679222469 168.99985264789225
206.38915253273285 236.4637678070875
166.99985781778085 206.38460505786523
166.99985781778085 199.07901539711452
238.4637626371989 199.07901539711452
238.4637626371989 206.38460505786523
206.38460505786523 166.99985781778085
199.07901539711452 238.4637626371989
199.07901539711452 166.99985781778085
206.38460505786523 238.4637626371989
164.9998628653096 206.38011171951158
164.9998628653096 199.08350873546817
240.46375758967014 199.08350873546817
240.46375758967014 206.38011171951158
206.38011171951158 164.9998628653096
199.08350873546817 240.46375758967014
199.08350873546817 164.9998628653096
206.38011171951158 240.46375758967014
162.9998677919439 206.37567251767513
162.9998677919439 199.08794793730465
242.46375266303585 199.08794793730465
242.46375266303585 206.37567251767513
206.37567251767513 162.9998677919439
199.08794793730465 242.46375266303585
199.08794793730465 162.9998677919439
206.37567251767513 242.46375266303585
160.99987259914914 206.37128745235916
160.99987259914914 199.09233300262062
244.4637478558306 199.09233300262062
244.4637478558306 206.37128745235916
206.37128745235916 160.99987259914914
199.09233300262062 244.4637478558306
199.09233300262062 160.99987259914914
206.37128745235916 244.4637478558306
158.9998772883907 206.36695652356687
158.9998772883907 199.09666393141288
246.46374316658907 199.09666393141288
246.46374316658907 206.36695652356687
206.36695652356687 158.9998772883907
199.09666393141288 246.46374316658907
199.09666393141288 158.9998772883907
206.36695652356687 246.46374316658907
156.99988186113393 206.36267973130145
156.99988186113393 199.1009407236783
248.46373859384582 199.1009407236783
248.46373859384582 206.36267973130145
206.36267973130145 156.99988186113393
199.1009407236783 248.46373859384582
199.1009407236783 156.99988186113393
206.36267973130145 248.46373859384582
154.99988631884426 206.35845707556604
154.99988631884426 199.10516337941374
250.46373413613549 199.10516337941374
250.46373413613549 206.35845707556604
206.35845707556604 154.99988631884426
199.10516337941374 250.46373413613549
199.10516337941374 154.99988631884426
206.35845707556604 250.46373413613549
152.99989066298707 206.35428855636368
152.99989066298707 199.10933189861606
252.46372979199268 199.10933189861606
252.46372979199268 206.35428855636368
206.35428855636368 152.99989066298707
199.10933189861606 252.46372979199268
199.10933189861606 152.99989066298707
206.35428855636368 252.46372979199268
150.99989489502772 206.35017417369752
150.99989489502772 199.11344628128225
254.46372555995202 199.11344628128225
254.46372555995202 206.35017417369752
206.35017417369752 150.99989489502772
199.11344628128225 254.46372555995202
199.11344628128225 150.99989489502772
206.35017417369752 254.46372555995202
148.99989901643164 206.34611392757049
148.99989901643164 199.11750652740926
256.46372143854813 199.11750652740926
256.46372143854813 206.34611392757049
206.34611392757049 148.99989901643164
199.11750652740926 256.46372143854813
199.11750652740926 148.99989901643164
206.34611392757049 256.46372143854813
146.99990302866416 206.3421078179856
146.99990302866416 199.12151263699414
258.4637174263156 199.12151263699414
258.4637174263156 206.3421078179856
206.3421078179856 146.99990302866416
199.12151263699414 258.4637174263156
199.12151263699414 146.99990302866416
206.3421078179856 258.4637174263156
144.9999069331907 206.3381558449458
144.9999069331907 199.12546461003396
260.46371352178903 199.12546461003396
260.46371352178903 206.3381558449458
206.3381558449458 144.9999069331907
199.12546461003396 260.46371352178903
199.12546461003396 144.9999069331907
206.3381558449458 260.46371352178903
142.99991073147663 206.33425800845393
142.99991073147663 199.12936244652582
262.4637097235031 199.12936244652582
262.4637097235031 206.33425800845393
206.33425800845393 142.99991073147663
199.12936244652582 262.4637097235031
199.12936244652582 142.99991073147663
206.33425800845393 262.4637097235031
140.99991442498737 206.3304143085129
140.99991442498737 199.13320614646685
264.4637060299924 199.13320614646685
264.4637060299924 206.3304143085129
206.3304143085129 140.99991442498737
199.13320614646685 264.4637060299924
199.13320614646685 140.99991442498737
206.3304143085129 264.4637060299924
138.99991801518826 206.32662474512549
138.99991801518826 199.13699570985426
266.4637024397915 199.13699570985426
266.4637024397915 206.32662474512549
206.32662474512549 138.99991801518826
199.13699570985426 266.4637024397915
199.13699570985426 138.99991801518826
206.32662474512549 266.4637024397915
136.9999215035447 206.32288931829453
136.9999215035447 199.14073113668522
268.46369895143505 199.14073113668522
268.46369895143505 206.32288931829453
206.32288931829453 136.9999215035447
199.14073113668522 268.46369895143505
199.14073113668522 136.9999215035447
206.32288931829453 268.46369895143505
134.99992489152208 206.3192080280227
134.99992489152208 199.14441242695705
270.4636955634577 199.14441242695705
270.4636955634577 206.3192080280227
206.3192080280227 134.99992489152208
199.14441242695705 270.4636955634577
199.14441242695705 134.99992489152208
206.3192080280227 270.4636955634577
132.99992818058578 206.3155808743127
132.99992818058578 199.14803958066705
272.46369227439396 199.14803958066705
272.46369227439396 206.3155808743127
206.3155808743127 132.99992818058578
199.14803958066705 272.46369227439396
199.14803958066705 132.99992818058578
206.3155808743127 272.46369227439396
130.99993137220122 206.31200785716723
130.99993137220122 199.15161259781252
274.46368908277856 199.15161259781252
274.46368908277856 206.31200785716723
206.31200785716723 130.99993137220122
199.15161259781252 274.46368908277856
199.15161259781252 130.99993137220122
206.31200785716723 274.46368908277856
128.99993446783375 206.30848897658888
128.99993446783375 199.15513147839087
276.463685987146 199.15513147839087
276.463685987146 206.30848897658888
206.30848897658888 128.99993446783375
199.15513147839087 276.463685987146
199.15513147839087 128.99993446783375
206.30848897658888 276.463685987146
126.99993746894876 206.30502423258025
126.99993746894876 199.1585962223995
278.463682986031 199.1585962223995
278.463682986031 206.30502423258025
206.30502423258025 126.99993746894876
199.1585962223995 278.463682986031
199.1585962223995 126.99993746894876
206.30502423258025 278.463682986031
124.99994037701164 206.30161362514383
124.99994037701164 199.16200682983592
280.4636800779681 199.16200682983592
280.4636800779681 206.30161362514383
206.30161362514383 124.99994037701164
199.16200682983592 280.4636800779681
199.16200682983592 124.99994037701164
206.30161362514383 280.4636800779681
122.99994319348778 206.29825715428217
122.99994319348778 199.16536330069758
282.46367726149197 199.16536330069758
282.46367726149197 206.29825715428217
206.29825715428217 122.99994319348778
199.16536330069758 282.46367726149197
199.16536330069758 122.99994319348778
206.29825715428217 282.46367726149197
120.99994591984257 206.2949548199977
120.99994591984257 199.16866563498203
284.46367453513716 199.16866563498203
284.46367453513716 206.2949548199977
206.2949548199977 120.99994591984257
199.16866563498203 284.46367453513716
199.16866563498203 120.99994591984257
206.2949548199977 284.46367453513716
118.9999485575414 206.29170662229285
118.9999485575414 199.1719138326869
286.46367189743836 199.1719138326869
286.46367189743836 206.29170662229285
206.29170662229285 118.9999485575414
199.1719138326869 286.46367189743836
199.1719138326869 118.9999485575414
206.29170662229285 286.46367189743836
116.99995110804964 206.28851256117
116.99995110804964 199.17510789380975
288.4636693469301 199.17510789380975
288.4636693469301 206.28851256117
206.28851256117 116.99995110804964
199.17510789380975 288.4636693469301
199.17510789380975 116.99995110804964
206.28851256117 288.4636693469301
114.99995357283268 206.2853726366315
114.99995357283268 199.17824781834824
290.4636668821471 199.17824781834824
290.4636668821471 206.2853726366315
206.2853726366315 114.99995357283268
199.17824781834824 290.4636668821471
199.17824781834824 114.99995357283268
206.2853726366315 290.4636668821471
112.99995595335592 206.28228684867963
112.99995595335592 199.18133360630011
292.46366450162384 199.18133360630011
292.46366450162384 206.28228684867963
206.28228684867963 112.99995595335592
199.18133360630011 292.46366450162384
199.18133360630011 112.99995595335592
206.28228684867963 292.46366450162384
110.99995825108473 206.27925519731664
110.99995825108473 199.1843652576631
294.463662203895 199.1843652576631
294.463662203895 206.27925519731664
206.27925519731664 110.99995825108473
199.1843652576631 294.463662203895
199.1843652576631 110.99995825108473
206.27925519731664 294.463662203895
108.99996046748451 206.27627768254482
108.99996046748451 199.18734277243493
296.46365998749525 199.18734277243493
296.46365998749525 206.27627768254482
206.27627768254482 108.99996046748451
199.18734277243493 296.46365998749525
199.18734277243493 108.99996046748451
206.27627768254482 296.46365998749525
106.99996260402065 206.27335430436628
106.99996260402065 199.1902661506135
298.4636578509591 199.1902661506135
298.4636578509591 206.27335430436628
206.27335430436628 106.99996260402065
199.1902661506135 298.4636578509591
199.1902661506135 106.99996260402065
206.27335430436628 298.4636578509591
104.99996466215853 206.27048506278317
104.99996466215853 199.19313539219658
300.4636557928212 199.19313539219658
300.4636557928212 206.27048506278317
206.27048506278317 104.99996466215853
199.19313539219658 300.4636557928212
199.19313539219658 104.99996466215853
206.27048506278317 300.4636557928212
102.99996664336354 206.2676699577976
102.99996664336354 199.19595049718214
302.4636538116162 199.19595049718214
302.4636538116162 206.2676699577976
206.2676699577976 102.99996664336354
199.19595049718214 302.4636538116162
199.19595049718214 102.99996664336354
206.2676699577976 302.4636538116162
100.99996854910104 206.26490898941168
100.99996854910104 199.19871146556807
304.4636519058787 199.19871146556807
304.4636519058787 206.26490898941168
206.26490898941168 100.99996854910104
199.19871146556807 304.4636519058787
199.19871146556807 100.99996854910104
206.26490898941168 304.4636519058787
98.99997038083646 206.26220215762737
98.99997038083646 199.20141829735238
306.4636500741433 199.20141829735238
306.4636500741433 206.26220215762737
206.26220215762737 98.99997038083646
199.20141829735238 306.4636500741433
199.20141829735238 98.99997038083646
206.26220215762737 306.4636500741433
96.99997214003517 206.25954946244667
96.99997214003517 199.20407099253308
308.4636483149446 199.20407099253308
308.4636483149446 206.25954946244667
206.25954946244667 96.99997214003517
199.20407099253308 308.4636483149446
199.20407099253308 96.99997214003517
206.25954946244667 308.4636483149446
94.99997382816254 206.25695090387154
94.99997382816254 199.2066695511082
310.4636466268172 199.2066695511082
310.4636466268172 206.25695090387154
206.25695090387154 94.99997382816254
199.2066695511082 310.4636466268172
199.2066695511082 94.99997382816254
206.25695090387154 310.4636466268172
92.99997544668399 206.25440648190389
92.99997544668399 199.20921397307586
312.46364500829577 199.20921397307586
312.46364500829577 206.25440648190389
206.25440648190389 92.99997544668399
199.20921397307586 312.46364500829577
199.20921397307586 92.99997544668399
206.25440648190389 312.46364500829577
90.99997699706488 206.25191619654555
90.99997699706488 199.21170425843422
314.4636434579149 199.21170425843422
314.4636434579149 206.25191619654555
206.25191619654555 90.99997699706488
199.21170425843422 314.4636434579149
199.21170425843422 90.99997699706488
206.25191619654555 314.4636434579149
88.99997848077061 206.24948004779836
88.99997848077061 199.2141404071814
316.46364197420917 199.2141404071814
316.46364197420917 206.24948004779836
206.24948004779836 88.99997848077061
199.2141404071814 316.46364197420917
199.2141404071814 88.99997848077061
206.24948004779836 316.46364197420917
86.99997989926656 206.2470980356641
86.99997989926656 199.21652241931565
318.4636405557132 199.21652241931565
318.4636405557132 206.2470980356641
206.2470980356641 86.99997989926656
199.21652241931565 318.4636405557132
199.21652241931565 86.99997989926656
206.2470980356641 318.4636405557132
84.99998125401814 206.24477016014453
84.99998125401814 199.21885029483522
320.4636392009616 199.21885029483522
320.4636392009616 206.24477016014453
206.24477016014453 84.99998125401814
199.21885029483522 320.4636392009616
199.21885029483522 84.99998125401814
206.24477016014453 320.4636392009616
82.9999825464907 206.24249642124136
82.9999825464907 199.2211240337384
322.46363790848903 199.2211240337384
322.46363790848903 206.24249642124136
206.24249642124136 82.9999825464907
199.2211240337384 322.46363790848903
199.2211240337384 82.9999825464907
206.24249642124136 322.46363790848903
80.99998377814966 206.24027681895623
80.99998377814966 199.22334363602351
324.4636366768301 199.22334363602351
324.4636366768301 206.24027681895623
206.24027681895623 80.99998377814966
199.22334363602351 324.4636366768301
199.22334363602351 80.99998377814966
206.24027681895623 324.4636366768301
78.99998495046039 206.2381113532908
78.99998495046039 199.22550910168894
326.46363550451935 199.22550910168894
326.46363550451935 206.2381113532908
206.2381113532908 78.99998495046039
199.22550910168894 326.46363550451935
199.22550910168894 78.99998495046039
206.2381113532908 326.46363550451935
76.99998606488828 206.23600002424664
76.99998606488828 199.2276204307331
328.46363439009144 199.2276204307331
328.46363439009144 206.23600002424664
206.23600002424664 76.99998606488828
199.2276204307331 328.46363439009144
199.2276204307331 76.99998606488828
206.23600002424664 328.46363439009144
74.99998712289873 206.23394283182526
74.99998712289873 199.2296776231545
330.46363333208103 199.2296776231545
330.46363333208103 206.23394283182526
206.23394283182526 74.99998712289873
199.2296776231545 330.46363333208103
199.2296776231545 74.99998712289873
206.23394283182526 330.46363333208103
72.9999881259571 206.23193977602824
72.9999881259571 199.2316806789515
332.46363232902263 199.2316806789515
332.46363232902263 206.23193977602824
206.23193977602824 72.9999881259571
199.2316806789515 332.46363232902263
199.2316806789515 72.9999881259571
206.23193977602824 332.46363232902263
70.99998907552882 206.229990856857
70.99998907552882 199.23362959812275
334.46363137945093 199.23362959812275
334.46363137945093 206.229990856857
206.229990856857 70.99998907552882
199.23362959812275 334.46363137945093
199.23362959812275 70.99998907552882
206.229990856857 334.46363137945093
68.99998997307924 206.22809607431296
68.99998997307924 199.2355243806668
336.4636304819005 199.2355243806668
336.4636304819005 206.22809607431296
206.22809607431296 68.99998997307924
199.2355243806668 336.4636304819005
199.2355243806668 68.99998997307924
206.22809607431296 336.4636304819005
66.99999082007376 206.22625542839754
66.99999082007376 199.2373650265822
338.463629634906 199.2373650265822
338.463629634906 206.22625542839754
206.22625542839754 66.99999082007376
199.2373650265822 338.463629634906
199.2373650265822 66.99999082007376
206.22625542839754 338.463629634906
64.99999161797778 206.22446891911207
64.99999161797778 199.23915153586768
340.463628837002 199.23915153586768
340.463628837002 206.22446891911207
206.22446891911207 64.99999161797778
199.23915153586768 340.463628837002
199.23915153586768 64.99999161797778
206.22446891911207 340.463628837002
62.99999236825668 206.22273654645787
62.99999236825668 199.24088390852188
342.4636280867231 199.24088390852188
342.4636280867231 206.22273654645787
206.22273654645787 62.99999236825668
199.24088390852188 342.4636280867231
199.24088390852188 62.99999236825668
206.22273654645787 342.4636280867231
60.99999307237584 206.2210583104362
60.99999307237584 199.24256214454354
344.46362738260393 199.24256214454354
344.46362738260393 206.2210583104362
206.2210583104362 60.99999307237584
199.24256214454354 344.46362738260393
199.24256214454354 60.99999307237584
206.2210583104362 344.46362738260393
58.99999373180065 206.21943421104828
58.99999373180065 199.24418624393147
346.4636267231791 199.24418624393147
346.4636267231791 206.21943421104828
206.21943421104828 58.99999373180065
199.24418624393147 346.4636267231791
199.24418624393147 58.99999373180065
206.21943421104828 346.4636267231791
56.999994347996505 206.21786424829534
56.999994347996505 199.24575620668443
348.46362610698327 199.24575620668443
348.46362610698327 206.21786424829534
206.21786424829534 56.999994347996505
199.24575620668443 348.46362610698327
199.24575620668443 56.999994347996505
206.21786424829534 348.46362610698327
54.99999492242879 206.21634842217847
54.99999492242879 199.24727203280128
350.46362553255096 199.24727203280128
350.46362553255096 206.21634842217847
206.21634842217847 54.99999492242879
199.24727203280128 350.46362553255096
199.24727203280128 54.99999492242879
206.21634842217847 350.46362553255096
52.9999954565629 206.21488673269883
52.9999954565629 199.24873372228092
352.46362499841683 199.24873372228092
352.46362499841683 206.21488673269883
206.21488673269883 52.9999954565629
199.24873372228092 352.46362499841683
199.24873372228092 52.9999954565629
206.21488673269883 352.46362499841683
50.99999595186421 206.21347917985747
50.99999595186421 199.25014127512227
354.46362450311557 199.25014127512227
354.46362450311557 206.21347917985747
206.21347917985747 50.99999595186421
199.25014127512227 354.46362450311557
199.25014127512227 50.99999595186421
206.21347917985747 354.46362450311557
48.999996409798115 206.21212576365542
48.999996409798115 199.25149469132433
356.46362404518163 199.25149469132433
356.46362404518163 206.21212576365542
206.21212576365542 48.999996409798115
199.25149469132433 356.46362404518163
199.25149469132433 48.999996409798115
206.21212576365542 356.46362404518163
46.99999683183 206.2108264840937
46.99999683183 199.25279397088605
358.4636236231498 199.25279397088605
358.4636236231498 206.2108264840937
206.2108264840937 46.99999683183
199.25279397088605 358.4636236231498
199.25279397088605 46.99999683183
206.2108264840937 358.4636236231498
44.99999721942527 206.20958134117322
44.99999721942527 199.25403911380653
360.4636232355545 199.25403911380653
360.4636232355545 206.20958134117322
206.20958134117322 44.99999721942527
199.25403911380653 360.4636232355545
199.25403911380653 44.99999721942527
206.20958134117322 360.4636232355545
42.99999757404929 206.20839033489491
42.99999757404929 199.25523012008483
362.4636228809305 199.25523012008483
362.4636228809305 206.20839033489491
206.20839033489491 42.99999757404929
199.25523012008483 362.4636228809305
199.25523012008483 42.99999757404929
206.20839033489491 362.4636228809305
40.999997897167454 206.20725346525967
40.999997897167454 199.25636698972008
364.4636225578123 199.25636698972008
364.4636225578123 206.20725346525967
206.20725346525967 40.999997897167454
199.25636698972008 364.4636225578123
199.25636698972008 40.999997897167454
206.20725346525967 364.4636225578123
38.99999819024516 206.20617073226828
38.99999819024516 199.25744972271147
366.46362226473457 199.25744972271147
366.46362226473457 206.20617073226828
206.20617073226828 38.99999819024516
199.25744972271147 366.46362226473457
199.25744972271147 38.99999819024516
206.20617073226828 366.46362226473457
36.99999845474779 206.20514213592156
36.99999845474779 199.25847831905818
368.46362200023196 199.25847831905818
368.46362200023196 206.20514213592156
206.20514213592156 36.99999845474779
199.25847831905818 368.46362200023196
199.25847831905818 36.99999845474779
206.20514213592156 368.46362200023196
34.99999869214073 206.20416767622027
34.99999869214073 199.25945277875948
370.463621762839 199.25945277875948
370.463621762839 206.20416767622027
206.20416767622027 34.99999869214073
199.25945277875948 370.463621762839
199.25945277875948 34.99999869214073
206.20416767622027 370.463621762839
32.99999890388937 206.20324735316512
32.99999890388937 199.26037310181462
372.4636215510904 199.26037310181462
372.4636215510904 206.20324735316512
206.20324735316512 32.99999890388937
199.26037310181462 372.4636215510904
199.26037310181462 32.99999890388937
206.20324735316512 372.4636215510904
30.999999091459102 206.2023811667568
30.999999091459102 199.26123928822295
374.46362136352064 199.26123928822295
374.46362136352064 206.2023811667568
206.2023811667568 30.999999091459102
199.26123928822295 374.46362136352064
199.26123928822295 30.999999091459102
206.2023811667568 374.46362136352064
28.999999256315313 206.2015691169959
28.999999256315313 199.26205133798385
376.46362119866444 199.26205133798385
376.46362119866444 206.2015691169959
206.2015691169959 28.999999256315313
199.26205133798385 376.46362119866444
199.26205133798385 28.999999256315313
206.2015691169959 376.46362119866444
26.99999939992339 206.20081120388306
26.99999939992339 199.26280925109668
378.46362105505636 199.26280925109668
378.46362105505636 206.20081120388306
206.20081120388306 26.99999939992339
199.26280925109668 378.46362105505636
199.26280925109668 26.99999939992339
206.20081120388306 378.46362105505636
24.999999523748723 206.2001074274188
24.999999523748723 199.26351302756095
380.46362093123105 199.26351302756095
380.46362093123105 206.2001074274188
206.2001074274188 24.999999523748723
199.26351302756095 380.46362093123105
199.26351302756095 24.999999523748723
206.2001074274188 380.46362093123105
22.999999629256695 206.19945778760368
22.999999629256695 199.2641626673761
382.46362082572307 199.2641626673761
382.46362082572307 206.19945778760368
206.19945778760368 22.999999629256695
199.2641626673761 382.46362082572307
199.2641626673761 22.999999629256695
206.19945778760368 382.46362082572307
20.999999717912704 206.19886228443812
20.999999717912704 199.26475817054163
384.46362073706706 199.26475817054163
384.46362073706706 206.19886228443812
206.19886228443812 20.999999717912704
199.26475817054163 384.46362073706706
199.26475817054163 20.999999717912704
206.19886228443812 384.46362073706706
18.99999979118213 206.1983209179226
18.99999979118213 199.26529953705716
386.4636206637976 199.26529953705716
386.4636206637976 206.1983209179226
206.1983209179226 18.99999979118213
199.26529953705716 386.4636206637976
199.26529953705716 18.99999979118213
206.1983209179226 386.4636206637976
16.99999985053037 206.1978336880575
16.99999985053037 199.26578676692228
388.4636206044494 199.26578676692228
388.4636206044494 206.1978336880575
206.1978336880575 16.99999985053037
199.26578676692228 388.4636206044494
199.26578676692228 16.99999985053037
206.1978336880575 388.4636206044494
14.999999897422802 206.19740059484317
14.999999897422802 199.26621986013657
390.46362055755696 199.26621986013657
390.46362055755696 206.19740059484317
206.19740059484317 14.999999897422802
199.26621986013657 390.46362055755696
199.26621986013657 14.999999897422802
206.19740059484317 390.46362055755696
12.99999993332482 206.19702163827995
12.99999993332482 199.2665988166998
392.46362052165495 199.2665988166998
392.46362052165495 206.19702163827995
206.19702163827995 12.99999993332482
199.2665988166998 392.46362052165495
199.2665988166998 12.99999993332482
206.19702163827995 392.46362052165495
10.999999959701814 206.19669681836808
10.999999959701814 199.26692363661166
394.46362049527795 199.26692363661166
394.46362049527795 206.19669681836808
206.19669681836808 10.999999959701814
199.26692363661166 394.46362049527795
199.26692363661166 10.999999959701814
206.19669681836808 394.46362049527795
8.999999978019172 206.19642613510786
8.999999978019172 199.26719431987192
396.46362047696056 199.26719431987192
396.46362047696056 206.19642613510786
206.19642613510786 8.999999978019172
199.26719431987192 396.46362047696056
199.26719431987192 8.999999978019172
206.19642613510786 396.46362047696056
6.99999998974228 206.1962095884994
6.99999998974228 199.26741086648033
398.46362046523745 199.26741086648033
398.46362046523745 206.1962095884994
206.1962095884994 6.99999998974228
199.26741086648033 398.46362046523745
199.26741086648033 6.99999998974228
206.1962095884994 398.46362046523745
4.999999996336529 206.19604717854295
4.999999996336529 199.2675732764368
400.4636204586432 199.2675732764368
400.4636204586432 206.19604717854295
206.19604717854295 4.999999996336529
199.2675732764368 400.4636204586432
199.2675732764368 4.999999996336529
206.19604717854295 400.4636204586432
2.9999999992673057 206.19593890523856
2.9999999992673057 199.26768154974118
402.46362045571243 199.26768154974118
402.46362045571243 206.19593890523856
206.19593890523856 2.9999999992673057
199.26768154974118 402.46362045571243
199.26768154974118 2.9999999992673057
206.19593890523856 402.46362045571243
1.0 206.19588476858638
1.0 199.2677356863934
404.4636204549798 199.2677356863934
404.4636204549798 206.19588476858638
206.19588476858638 1.0
199.2677356863934 404.4636204549798
199.2677356863934 1.0
206.19588476858638 404.4636204549798
198.999759419921 204.46386103505876
198.999759419921 200.999759419921
206.46386103505876 200.999759419921
206.46386103505876 204.46386103505876
204.46386103505876 198.999759419921
200.999759419921 206.46386103505876
200.999759419921 198.999759419921
204.46386103505876 206.46386103505876
196.9905695579868 204.45852265941627
196.9905695579868 201.00509779556347
208.47305089699296 201.00509779556347
208.47305089699296 204.45852265941627
204.45852265941627 196.9905695579868
201.00509779556347 208.47305089699296
201.00509779556347 196.9905695579868
204.45852265941627 208.47305089699296
194.96368169380344 204.45352181083305
194.96368169380344 201.0100986441467
210.4999387611763 201.0100986441467
210.4999387611763 204.45352181083305
204.45352181083305 194.96368169380344
201.0100986441467 210.4999387611763
201.0100986441467 194.96368169380344
204.45352181083305 210.4999387611763
192.92147592829036 204.4494783686079
192.92147592829036 201.01414208637183
212.54214452668938 201.01414208637183
212.54214452668938 204.4494783686079
204.4494783686079 192.92147592829036
201.01414208637183 212.54214452668938
201.01414208637183 192.92147592829036
204.4494783686079 212.54214452668938
190.86842715437464 204.4470662985788
190.86842715437464 201.01655415640096
214.5951933006051 201.01655415640096
214.5951933006051 204.4470662985788
204.4470662985788 190.86842715437464
201.01655415640096 214.5951933006051
201.01655415640096 190.86842715437464
204.4470662985788 214.5951933006051
188.8105341523526 204.44657973907505
188.8105341523526 201.0170407159047
216.65308630262714 201.0170407159047
216.65308630262714 204.44657973907505
204.44657973907505 188.8105341523526
201.0170407159047 216.65308630262714
201.0170407159047 188.8105341523526
204.44657973907505 216.65308630262714
186.7537197353578 204.44771260348034
186.7537197353578 201.0159078514994
218.70990071962194 201.0159078514994
218.70990071962194 204.44771260348034
204.44771260348034 186.7537197353578
201.0159078514994 218.70990071962194
201.0159078514994 186.7537197353578
204.44771260348034 218.70990071962194
184.7022008963018 204.44974749704016
184.7022008963018 201.01387295793958
220.76141955867794 201.01387295793958
220.76141955867794 204.44974749704016
204.44974749704016 184.7022008963018
201.01387295793958 220.76141955867794
201.01387295793958 184.7022008963018
204.44974749704016 220.76141955867794
182.65780798753872 204.4519594757513
182.65780798753872 201.01166097922845
222.80581246744103 201.01166097922845
222.80581246744103 204.4519594757513
204.4519594757513 182.65780798753872
201.01166097922845 222.80581246744103
201.01166097922845 182.65780798753872
204.4519594757513 222.80581246744103
180.62040220637095 204.45389328814892
180.62040220637095 201.00972716683083
224.8432182486088 201.00972716683083
224.8432182486088 204.45389328814892
204.45389328814892 180.62040220637095
201.00972716683083 224.8432182486088
201.00972716683083 180.62040220637095
204.45389328814892 224.8432182486088
178.58880525396944 204.4553918512528
178.58880525396944 201.00822860372693
226.8748152010103 201.00822860372693
226.8748152010103 204.4553918512528
204.4553918512528 178.58880525396944
201.00822860372693 226.8748152010103
201.00822860372693 178.58880525396944
204.4553918512528 226.8748152010103
176.561607855397 204.4564841137295
176.561607855397 201.00713634125026
228.90201259958275 201.00713634125026
228.90201259958275 204.4564841137295
204.4564841137295 176.561607855397
201.00713634125026 228.90201259958275
201.00713634125026 176.561607855397
204.4564841137295 228.90201259958275
174.5376037844124 204.4572675160962
174.5376037844124 201.00635293888354
230.92601667056735 201.00635293888354
230.92601667056735 204.4572675160962
204.4572675160962 174.5376037844124
201.00635293888354 230.92601667056735
201.00635293888354 174.5376037844124
204.4572675160962 230.92601667056735
172.51591223095866 204.45783986198518
172.51591223095866 201.00578059299457
232.94770822402108 201.00578059299457
232.94770822402108 204.45783986198518
204.45783986198518 172.51591223095866
201.00578059299457 232.94770822402108
201.00578059299457 172.51591223095866
204.45783986198518 232.94770822402108
170.49594171342537 204.45827510645208
170.49594171342537 201.00534534852767
234.96767874155438 201.00534534852767
234.96767874155438 204.45827510645208
204.45827510645208 170.49594171342537
201.00534534852767 234.96767874155438
201.00534534852767 170.49594171342537
204.45827510645208 234.96767874155438
168.4773086849679 204.45862208572836
168.4773086849679 201.00499836925138
236.98631177001187 201.00499836925138
236.98631177001187 204.45862208572836
204.45862208572836 168.4773086849679
201.00499836925138 236.98631177001187
201.00499836925138 168.4773086849679
204.45862208572836 236.98631177001187
166.45976357085954 204.4589108442263
166.45976357085954 201.00470961075345
239.0038568841202 201.00470961075345
239.0038568841202 204.4589108442263
204.4589108442263 166.45976357085954
201.00470961075345 239.0038568841202
201.00470961075345 166.45976357085954
204.4589108442263 239.0038568841202
164.4431384942157 204.45915935814753
164.4431384942157 201.00446109683224
241.02048196076404 201.00446109683224
241.02048196076404 204.45915935814753
204.45915935814753 164.4431384942157
201.00446109683224 241.02048196076404
201.00446109683224 164.4431384942157
204.45915935814753 241.02048196076404
162.4273146458658 204.4593784653658
162.4273146458658 201.00424198961394
243.03630580911394 201.00424198961394
243.03630580911394 204.4593784653658
204.4593784653658 162.4273146458658
201.00424198961394 243.03630580911394
201.00424198961394 162.4273146458658
204.4593784653658 243.03630580911394
160.41220322997376 204.459574944545
160.41220322997376 201.00404551043474
245.051417225006 201.00404551043474
245.051417225006 204.459574944545
204.459574944545 160.41220322997376
201.00404551043474 245.051417225006
201.00404551043474 160.41220322997376
204.459574944545 245.051417225006
158.39773463679578 204.4597532761047
158.39773463679578 201.00386717887505
247.06588581818397 201.00386717887505
247.06588581818397 204.4597532761047
204.4597532761047 158.39773463679578
201.00386717887505 247.06588581818397
201.00386717887505 158.39773463679578
204.4597532761047 247.06588581818397
156.3838522504371 204.4599166039667
156.3838522504371 201.00370385101306
249.07976820454266 201.00370385101306
249.07976820454266 204.4599166039667
204.4599166039667 156.3838522504371
201.00370385101306 249.07976820454266
201.00370385101306 156.3838522504371
204.4599166039667 249.07976820454266
154.3705087791948 204.46006725453748
154.3705087791948 201.00355320044227
251.09311167578494 201.00355320044227
251.09311167578494 204.46006725453748
204.46006725453748 154.3705087791948
201.00355320044227 251.09311167578494
201.00355320044227 154.3705087791948
204.46006725453748 251.09311167578494
152.35766395680383 204.46020702225144
152.35766395680383 201.0034134327283
253.1059564981759 201.0034134327283
253.1059564981759 204.46020702225144
204.46020702225144 152.35766395680383
201.0034134327283 253.1059564981759
201.0034134327283 152.35766395680383
204.46020702225144 253.1059564981759
150.34528301040655 204.46033733404371
150.34528301040655 201.00328312093603
255.1183374445732 201.00328312093603
255.1183374445732 204.46033733404371
204.46033733404371 150.34528301040655
201.00328312093603 255.1183374445732
201.00328312093603 150.34528301040655
204.46033733404371 255.1183374445732
148.33333558025578 204.46045935009522
148.33333558025578 201.00316110488453
257.130284874724 201.00316110488453
257.130284874724 204.46045935009522
204.46045935009522 148.33333558025578
201.00316110488453 257.130284874724
201.00316110488453 148.33333558025578
204.46045935009522 257.130284874724
146.32179492291195 204.46057402957967
146.32179492291195 201.00304642540007
259.1418255320678 201.00304642540007
259.1418255320678 204.46057402957967
204.46057402957967 146.32179492291195
201.00304642540007 259.1418255320678
201.00304642540007 146.32179492291195
204.46057402957967 259.1418255320678
144.31063730353168 204.460682175988
144.31063730353168 201.00293827899173
261.15298315144804 201.00293827899173
261.15298315144804 204.460682175988
204.460682175988 144.31063730353168
201.00293827899173 261.15298315144804
201.00293827899173 144.31063730353168
204.460682175988 261.15298315144804
142.29984152081957 204.46078446973235
142.29984152081957 201.0028359852474
263.1637789341602 201.0028359852474
263.1637789341602 204.46078446973235
204.46078446973235 142.29984152081957
201.0028359852474 263.1637789341602
201.0028359852474 142.29984152081957
204.46078446973235 263.1637789341602
140.28938852869805 204.46088149235206
140.28938852869805 201.0027389626277
265.1742319262817 201.0027389626277
265.1742319262817 204.46088149235206
204.46088149235206 140.28938852869805
201.0027389626277 265.1742319262817
201.0027389626277 140.28938852869805
204.46088149235206 265.1742319262817
138.27926113052587 204.46097374491438
138.27926113052587 201.00264671006536
267.1843593244539 201.00264671006536
267.1843593244539 204.46097374491438
204.46097374491438 138.27926113052587
201.00264671006536 267.1843593244539
201.00264671006536 138.27926113052587
204.46097374491438 267.1843593244539
136.2694437289155 204.4610616622606
136.2694437289155 201.00255879271916
269.19417672606426 201.00255879271916
269.19417672606426 204.4610616622606
204.4610616622606 136.2694437289155
201.00255879271916 269.19417672606426
201.00255879271916 136.2694437289155
204.4610616622606 269.19417672606426
134.25992211888834 204.46114562420135
134.25992211888834 201.0024748307784
271.2036983360914 201.0024748307784
271.2036983360914 204.46114562420135
204.46114562420135 134.25992211888834
201.0024748307784 271.2036983360914
201.0024748307784 134.25992211888834
204.46114562420135 271.2036983360914
132.25068331528445 204.46122596442638
132.25068331528445 201.00239449055337
273.2129371396953 201.00239449055337
273.2129371396953 204.46122596442638
204.46122596442638 132.25068331528445
201.00239449055337 273.2129371396953
201.00239449055337 132.25068331528445
204.46122596442638 273.2129371396953
130.24171540757257 204.4613029776734
130.24171540757257 201.00231747730635
275.2219050474072 201.00231747730635
275.2219050474072 204.4613029776734
204.4613029776734 130.24171540757257
201.00231747730635 275.2219050474072
201.00231747730635 130.24171540757257
204.4613029776734 275.2219050474072
128.2330074368082 204.4613769255529
128.2330074368082 201.00224352942683
277.23061301817154 201.00224352942683
277.23061301817154 204.4613769255529
204.4613769255529 128.2330074368082
201.00224352942683 277.23061301817154
201.00224352942683 128.2330074368082
204.4613769255529 277.23061301817154
126.22454929066181 204.46144804132237
126.22454929066181 201.00217241365738
279.2390711643179 201.00217241365738
279.2390711643179 204.46144804132237
204.46144804132237 126.22454929066181
201.00217241365738 279.2390711643179
201.00217241365738 126.22454929066181
204.46144804132237 279.2390711643179
124.21633161331499 204.46151653383103
124.21633161331499 201.00210392114872
281.2472888416647 201.00210392114872
281.2472888416647 204.46151653383103
204.46151653383103 124.21633161331499
201.00210392114872 281.2472888416647
201.00210392114872 124.21633161331499
204.46151653383103 281.2472888416647
122.20834572768383 204.46158259080264
122.20834572768383 201.0020378641771
283.2552747272959 201.0020378641771
283.2552747272959 204.46158259080264
204.46158259080264 122.20834572768383
201.0020378641771 283.2552747272959
201.0020378641771 122.20834572768383
204.46158259080264 283.2552747272959
120.2005835679345 204.4616463815859
120.2005835679345 201.00197407339385
285.26303688704525 201.00197407339385
285.26303688704525 204.4616463815859
204.4616463815859 120.2005835679345
201.00197407339385 285.26303688704525
201.00197407339385 120.2005835679345
204.4616463815859 285.26303688704525
118.19303762064824 204.46170805947315
118.19303762064824 201.0019123955066
287.2705828343315 201.0019123955066
287.2705828343315 204.46170805947315
204.46170805947315 118.19303762064824
201.0019123955066 287.2705828343315
201.0019123955066 118.19303762064824
204.46170805947315 287.2705828343315
116.18570087329805 204.46176776366627
116.18570087329805 201.00185269131347
289.2779195816817 201.00185269131347
289.2779195816817 204.46176776366627
204.46176776366627 116.18570087329805
201.00185269131347 289.2779195816817
201.00185269131347 116.18570087329805
204.46176776366627 289.2779195816817
114.17856676894118 204.4618256209522
114.17856676894118 201.00179483402755
291.28505368603857 201.00179483402755
291.28505368603857 204.4618256209522
204.4618256209522 114.17856676894118
201.00179483402755 291.28505368603857
201.00179483402755 114.17856676894118
204.4618256209522 291.28505368603857
112.17162916622263 204.46188174713836
112.17162916622263 201.00173870784138
293.2919912887571 201.00173870784138
293.2919912887571 204.46188174713836
204.46188174713836 112.17162916622263
201.00173870784138 293.2919912887571
201.00173870784138 112.17162916622263
204.46188174713836 293.2919912887571
110.16488230393897 204.461936248288
110.16488230393897 201.00168420669175
295.29873815104077 201.00168420669175
295.29873815104077 204.461936248288
204.461936248288 110.16488230393897
201.00168420669175 295.29873815104077
201.00168420669175 110.16488230393897
204.461936248288 295.29873815104077
108.15832076953517 204.4619892217879
108.15832076953517 201.00163123319186
297.3052996854446 201.00163123319186
297.3052996854446 204.4619892217879
204.4619892217879 108.15832076953517
201.00163123319186 297.3052996854446
201.00163123319186 108.15832076953517
204.4619892217879 297.3052996854446
106.15193947100839 204.46204075727508
106.15193947100839 201.00157969770467
299.31168098397137 201.00157969770467
299.31168098397137 204.46204075727508
204.46204075727508 106.15193947100839
201.00157969770467 299.31168098397137
201.00157969770467 106.15193947100839
204.46204075727508 299.31168098397137
104.1457336117744 204.46209093744443
104.1457336117744 201.00152951753532
301.3178868432054 201.00152951753532
301.3178868432054 204.46209093744443
204.46209093744443 104.1457336117744
201.00152951753532 301.3178868432054
201.00152951753532 104.1457336117744
204.46209093744443 301.3178868432054
102.13969866812026 204.46213983875478
102.13969866812026 201.00148061622497
303.3239217868595 201.00148061622497
303.3239217868595 204.46213983875478
204.46213983875478 102.13969866812026
201.00148061622497 303.3239217868595
201.00148061622497 102.13969866812026
204.46213983875478 303.3239217868595
100.13383036892276 204.46218753204855
100.13383036892276 201.0014329229312
305.329790086057 201.0014329229312
305.329790086057 204.46218753204855
204.46218753204855 100.13383036892276
201.0014329229312 305.329790086057
201.0014329229312 100.13383036892276
204.46218753204855 305.329790086057
98.12812467735849 204.46223408309743
98.12812467735849 201.00138637188232
307.33549577762125 201.00138637188232
307.33549577762125 204.46223408309743
204.46223408309743 98.12812467735849
201.00138637188232 307.33549577762125
201.00138637188232 98.12812467735849
204.46223408309743 307.33549577762125
96.12257777437031 204.46227955308427
96.12257777437031 201.00134090189547
309.34104268060946 201.00134090189547
309.34104268060946 204.46227955308427
204.46227955308427 96.12257777437031
201.00134090189547 309.34104268060946
201.00134090189547 96.12257777437031
204.46227955308427 309.34104268060946
94.11718604368752 204.46232399902985
94.11718604368752 201.0012964559499
311.34643441129225 201.0012964559499
311.34643441129225 204.46232399902985
204.46232399902985 94.11718604368752
201.0012964559499 311.34643441129225
201.0012964559499 94.11718604368752
204.46232399902985 311.34643441129225
92.11194605822428 204.46236747417223
92.11194605822428 201.00125298080752
313.35167439675547 201.00125298080752
313.35167439675547 204.46236747417223
204.46236747417223 92.11194605822428
201.00125298080752 313.35167439675547
201.00125298080752 92.11194605822428
204.46236747417223 313.35167439675547
90.10685456770425 204.46241002830445
90.10685456770425 201.00121042667533
315.3567658872755 201.00121042667533
315.3567658872755 204.46241002830445
204.46241002830445 90.10685456770425
201.00121042667533 315.3567658872755
201.00121042667533 90.10685456770425
204.46241002830445 315.3567658872755
88.1019084873791 204.4624517080763
88.1019084873791 201.00116874690346
317.3617119676006 201.00116874690346
317.3617119676006 204.4624517080763
204.4624517080763 88.1019084873791
201.00116874690346 317.3617119676006
201.00116874690346 88.1019084873791
204.4624517080763 317.3617119676006
86.09710488772515 204.46249255726445
86.09710488772515 201.00112789771532
319.3665155672546 201.00112789771532
319.3665155672546 204.46249255726445
204.46249255726445 86.09710488772515
201.00112789771532 319.3665155672546
201.00112789771532 86.09710488772515
204.46249255726445 319.3665155672546
84.09244098501684 204.46253261701483
84.09244098501684 201.00108783796492
321.3711794699629 201.00108783796492
321.3711794699629 204.46253261701483
204.46253261701483 84.09244098501684
201.00108783796492 321.3711794699629
201.00108783796492 84.09244098501684
204.46253261701483 321.3711794699629
82.08791413268824 204.46257192606078
82.08791413268824 201.00104852891897
323.3757063222915 201.00104852891897
323.3757063222915 204.46257192606078
204.46257192606078 82.08791413268824
201.00104852891897 323.3757063222915
201.00104852891897 82.08791413268824
204.46257192606078 323.3757063222915
80.08352181340435 204.46261052091964
80.08352181340435 201.0010099340601
325.3800986415754 201.0010099340601
325.3800986415754 204.46261052091964
204.46261052091964 80.08352181340435
201.0010099340601 325.3800986415754
201.0010099340601 80.08352181340435
204.46261052091964 325.3800986415754
78.07926163177271 204.4626484360704
78.07926163177271 201.00097201890935
327.38435882320704 201.00097201890935
327.38435882320704 204.4626484360704
204.4626484360704 78.07926163177271
201.00097201890935 327.38435882320704
201.00097201890935 78.07926163177271
204.4626484360704 327.38435882320704
76.07513130763463 204.46268570411462
76.07513130763463 201.00093475086513
329.3884891473451 201.00093475086513
329.3884891473451 204.46268570411462
204.46268570411462 76.07513130763463
201.00093475086513 329.3884891473451
201.00093475086513 76.07513130763463
204.46268570411462 329.3884891473451
74.07112866988149 204.46272235592215
74.07112866988149 201.0008980990576
331.3924917850983 201.0008980990576
331.3924917850983 204.46272235592215
204.46272235592215 74.07112866988149
201.0008980990576 331.3924917850983
201.0008980990576 74.07112866988149
204.46272235592215 331.3924917850983
72.06725165074792 204.4627584207641
72.06725165074792 201.0008620342157
333.3963688042318 201.0008620342157
333.3963688042318 204.4627584207641
204.4627584207641 72.06725165074792
201.0008620342157 333.3963688042318
201.0008620342157 72.06725165074792
204.4627584207641 333.3963688042318
70.063498280539 204.4627939264332
70.063498280539 201.00082652854658
335.40012217444075 201.00082652854658
335.40012217444075 204.4627939264332
204.4627939264332 70.063498280539
201.00082652854658 335.40012217444075
201.00082652854658 70.063498280539
204.4627939264332 335.40012217444075
68.05986668275304 204.46282889935438
68.05986668275304 201.00079155562537
337.4037537722267 201.00079155562537
337.4037537722267 204.46282889935438
204.46282889935438 68.05986668275304
201.00079155562537 337.4037537722267
201.00079155562537 68.05986668275304
204.46282889935438 337.4037537722267
66.05635506956561 204.4628633646854
66.05635506956561 201.00075709029434
339.4072653854141 201.00075709029434
339.4072653854141 204.4628633646854
204.4628633646854 66.05635506956561
201.00075709029434 339.4072653854141
201.00075709029434 66.05635506956561
204.4628633646854 339.4072653854141
64.0529617376443 204.46289734640902
64.0529617376443 201.00072310857072
341.4106587173355 201.00072310857072
341.4106587173355 204.46289734640902
204.46289734640902 64.0529617376443
201.00072310857072 341.4106587173355
201.00072310857072 64.0529617376443
204.46289734640902 341.4106587173355
62.04968506426622 204.46293086741758
62.04968506426622 201.00068958756216
343.4139353907135 201.00068958756216
343.4139353907135 204.46293086741758
204.46293086741758 62.04968506426622
201.00068958756216 343.4139353907135
201.00068958756216 62.04968506426622
204.46293086741758 343.4139353907135
60.046523503713985 204.46296394959097
60.046523503713985 201.00065650538878
345.41709695126576 201.00065650538878
345.41709695126576 204.46296394959097
204.46296394959097 60.046523503713985
201.00065650538878 345.41709695126576
201.00065650538878 60.046523503713985
204.46296394959097 345.41709695126576
58.04347558392724 204.4629966138679
58.04347558392724 201.00062384111186
347.4201448710525 201.00062384111186
347.4201448710525 204.4629966138679
204.4629966138679 58.04347558392724
201.00062384111186 347.4201448710525
201.00062384111186 58.04347558392724
204.4629966138679 347.4201448710525
56.0405399033901 204.46302888031204
56.0405399033901 201.0005915746677
349.42308055158963 201.0005915746677
349.42308055158963 204.46302888031204
204.46302888031204 56.0405399033901
201.0005915746677 349.42308055158963
201.0005915746677 56.0405399033901
204.46302888031204 349.42308055158963
54.03771512823596 204.46306076817294
54.03771512823596 201.0005596868068
351.4259053267438 201.0005596868068
351.4259053267438 204.46306076817294
204.46306076817294 54.03771512823596
201.0005596868068 351.4259053267438
201.0005596868068 54.03771512823596
204.46306076817294 351.4259053267438
52.034999989553434 204.4630922959423
52.034999989553434 201.00052815903746
353.4286204654263 201.00052815903746
353.4286204654263 204.4630922959423
204.4630922959423 52.034999989553434
201.00052815903746 353.4286204654263
201.00052815903746 52.034999989553434
204.4630922959423 353.4286204654263
50.032393280878345 204.46312348140614
50.032393280878345 201.0004969735736
355.4312271741014 201.0004969735736
355.4312271741014 204.46312348140614
204.46312348140614 50.032393280878345
201.0004969735736 355.4312271741014
201.0004969735736 50.032393280878345
204.46312348140614 355.4312271741014
48.029893855858404 204.46315434169347
48.029893855858404 201.00046611328628
357.43372659912137 201.00046611328628
357.43372659912137 204.46315434169347
204.46315434169347 48.029893855858404
201.00046611328628 357.43372659912137
201.00046611328628 48.029893855858404
204.46315434169347 357.43372659912137
46.02750062607818 204.46318489332106
46.02750062607818 201.0004355616587
359.43611982890155 201.0004355616587
359.43611982890155 204.46318489332106
204.46318489332106 46.02750062607818
201.0004355616587 359.43611982890155
201.0004355616587 46.02750062607818
204.46318489332106 359.43611982890155
44.02521255903335 204.46321515223556
44.02521255903335 201.00040530274418
361.4384078959464 201.00040530274418
361.4384078959464 204.46321515223556
204.46321515223556 44.02521255903335
201.00040530274418 361.4384078959464
201.00040530274418 44.02521255903335
204.46321515223556 361.4384078959464
42.023028676244 204.46324513385258
42.023028676244 201.00037532112717
363.4405917787357 201.00037532112717
363.4405917787357 204.46324513385258
204.46324513385258 42.023028676244
201.00037532112717 363.4405917787357
201.00037532112717 42.023028676244
204.46324513385258 363.4405917787357
40.02094805149779 204.46327485309317
40.02094805149779 201.00034560188658
365.44267240348194 201.00034560188658
365.44267240348194 204.46327485309317
204.46327485309317 40.02094805149779
201.00034560188658 365.44267240348194
201.00034560188658 40.02094805149779
204.46327485309317 365.44267240348194
38.01896980921457 204.46330432441812
38.01896980921457 201.00031613056163
367.4446506457652 201.00031613056163
367.4446506457652 204.46330432441812
204.46330432441812 38.01896980921457
201.00031613056163 367.4446506457652
201.00031613056163 38.01896980921457
204.46330432441812 367.4446506457652
36.01709312292489 204.46333356186008
36.01709312292489 201.00028689311966
369.44652733205487 201.00028689311966
369.44652733205487 204.46333356186008
204.46333356186008 36.01709312292489
201.00028689311966 369.44652733205487
201.00028689311966 36.01709312292489
204.46333356186008 369.44652733205487
34.01531721385528 204.46336257905358
34.01531721385528 201.00025787592617
371.44830324112445 201.00025787592617
371.44830324112445 204.46336257905358
204.46336257905358 34.01531721385528
201.00025787592617 371.44830324112445
201.00025787592617 34.01531721385528
204.46336257905358 371.44830324112445
32.01364134961413 204.46339138926348
32.01364134961413 201.00022906571627
373.4499791053656 201.00022906571627
373.4499791053656 204.46339138926348
204.46339138926348 32.01364134961413
201.00022906571627 373.4499791053656
201.00022906571627 32.01364134961413
204.46339138926348 373.4499791053656
30.012064842972183 204.46342000541173
30.012064842972183 201.000200449568
375.45155561200755 201.000200449568
375.45155561200755 204.46342000541173
204.46342000541173 30.012064842972183
201.000200449568 375.45155561200755
201.000200449568 30.012064842972183
204.46342000541173 375.45155561200755
28.01058705073254 204.46344844010267
28.01058705073254 201.00017201487708
377.4530334042472 201.00017201487708
377.4530334042472 204.46344844010267
204.46344844010267 28.01058705073254
201.00017201487708 377.4530334042472
201.00017201487708 28.01058705073254
204.46344844010267 377.4530334042472
26.009207372685307 204.4634767056469
26.009207372685307 201.00014374933284
379.4544130822944 201.00014374933284
379.4544130822944 204.4634767056469
204.4634767056469 26.009207372685307
201.00014374933284 379.4544130822944
201.00014374933284 26.009207372685307
204.4634767056469 379.4544130822944
24.00792525064246 204.46350481408416
24.00792525064246 201.0001156408956
381.4556952043373 201.0001156408956
381.4556952043373 204.46350481408416
204.46350481408416 24.00792525064246
201.0001156408956 381.4556952043373
201.0001156408956 24.00792525064246
204.46350481408416 381.4556952043373
22.00674016754906 204.46353277720482
22.00674016754906 201.00008767777493
383.4568802874307 201.00008767777493
383.4568802874307 204.46353277720482
204.46353277720482 22.00674016754906
201.00008767777493 383.4568802874307
201.00008767777493 22.00674016754906
204.46353277720482 383.4568802874307
20.005651646667076 204.46356060657052
20.005651646667076 201.00005984840922
385.45796880831267 201.00005984840922
385.45796880831267 204.46356060657052
204.46356060657052 20.005651646667076
201.00005984840922 385.45796880831267
201.00005984840922 20.005651646667076
204.46356060657052 385.45796880831267
18.004659250828695 204.46358831353396
18.004659250828695 201.00003214144579
387.4589612041511 201.00003214144579
387.4589612041511 204.46358831353396
204.46358831353396 18.004659250828695
201.00003214144579 387.4589612041511
201.00003214144579 18.004659250828695
204.46358831353396 387.4589612041511
16.003762581756042 204.46361590925775
16.003762581756042 201.000004545722
389.4598578732237 201.000004545722
389.4598578732237 204.46361590925775
204.46361590925775 16.003762581756042
201.000004545722 389.4598578732237
201.000004545722 16.003762581756042
204.46361590925775 389.4598578732237
14.002961279444722 204.46364340473252
14.002961279444722 200.99997705024722
391.460659175535 200.99997705024722
391.460659175535 204.46364340473252
204.46364340473252 14.002961279444722
200.99997705024722 391.460659175535
200.99997705024722 14.002961279444722
204.46364340473252 391.460659175535
12.002255021608734 204.46367081079444
12.002255021608734 200.9999496441853
393.46136543337104 200.9999496441853
393.46136543337104 204.46367081079444
204.46367081079444 12.002255021608734
200.9999496441853 393.46136543337104
200.9999496441853 12.002255021608734
204.46367081079444 393.46136543337104
10.001643523184702 204.46369813814215
10.001643523184702 200.9999223168376
395.46197693179505 200.9999223168376
395.46197693179505 204.46369813814215
204.46369813814215 10.001643523184702
200.9999223168376 395.46197693179505
200.9999223168376 10.001643523184702
204.46369813814215 395.46197693179505
8.001126535893457 204.46372539735307
8.001126535893457 200.99989505762667
397.4624939190863 200.99989505762667
397.4624939190863 204.46372539735307
204.46372539735307 8.001126535893457
200.99989505762667 397.4624939190863
200.99989505762667 8.001126535893457
204.46372539735307 397.4624939190863
6.000703847857357 204.46375259889942
6.000703847857357 200.99986785608033
399.4629166071224 200.99986785608033
399.4629166071224 204.46375259889942
204.46375259889942 6.000703847857357
200.99986785608033 399.4629166071224
200.99986785608033 6.000703847857357
204.46375259889942 399.4629166071224
4.000375283271875 204.4637797531636
4.000375283271875 200.99984070181614
401.46324517170785 200.99984070181614
401.46324517170785 204.4637797531636
204.4637797531636 4.000375283271875
200.99984070181614 401.46324517170785
200.99984070181614 4.000375283271875
204.4637797531636 401.46324517170785
2.000140702130228 204.46380687045354
2.000140702130228 200.9998135845262
403.46347975284954 200.9998135845262
403.46347975284954 204.46380687045354
204.46380687045354 2.000140702130228
200.9998135845262 403.46347975284954
200.9998135845262 2.000140702130228
204.46380687045354 403.46347975284954
405.4636204549798 204.46383396101749
405.4636204549798 200.99978649396226
204.46383396101749 405.4636204549798
200.99978649396226 405.4636204549798
207.46386103505876 202.7318102274899
197.999759419921 202.7318102274899
202.7318102274899 197.999759419921
202.7318102274899 207.46386103505876
209.48224075892716 202.7318102274899
195.98137969605258 202.7318102274899
202.7318102274899 195.98137969605258
202.7318102274899 209.48224075892716
211.51763676342546 202.7318102274899
193.94598369155432 202.7318102274899
202.7318102274899 193.94598369155432
202.7318102274899 211.51763676342546
213.56665228995334 202.7318102274899
191.8969681650264 202.7318102274899
202.7318102274899 191.8969681650264
202.7318102274899 213.56665228995334
215.6237343112569 202.7318102274899
189.83988614372285 202.7318102274899
202.7318102274899 189.83988614372285
202.7318102274899 215.6237343112569
217.6824382939974 202.7318102274899
187.78118216098235 202.7318102274899
202.7318102274899 187.78118216098235
202.7318102274899 217.6824382939974
219.73736314524646 202.7318102274899
185.72625730973328 202.7318102274899
202.7318102274899 185.72625730973328
202.7318102274899 219.73736314524646
221.7854759721094 202.7318102274899
183.67814448287035 202.7318102274899
202.7318102274899 183.67814448287035
202.7318102274899 221.7854759721094
223.8261489627727 202.7318102274899
181.63747149220706 202.7318102274899
202.7318102274899 181.63747149220706
202.7318102274899 223.8261489627727
225.8602875344449 202.7318102274899
179.60333292053488 202.7318102274899
202.7318102274899 179.60333292053488
202.7318102274899 225.8602875344449
227.88934286757575 202.7318102274899
177.574277587404 202.7318102274899
202.7318102274899 177.574277587404
202.7318102274899 227.88934286757575
229.91468233158977 202.7318102274899
175.54893812338997 202.7318102274899
202.7318102274899 175.54893812338997
202.7318102274899 229.91468233158977
231.93735100954495 202.7318102274899
173.5262694454348 202.7318102274899
202.7318102274899 173.5262694454348
202.7318102274899 231.93735100954495
233.95806543849721 202.7318102274899
171.50555501648253 202.7318102274899
202.7318102274899 171.50555501648253
202.7318102274899 233.95806543849721
235.97729204461154 202.7318102274899
169.4863284103682 202.7318102274899
202.7318102274899 169.4863284103682
202.7318102274899 235.97729204461154
237.99533149541216 202.7318102274899
167.4682889595676 202.7318102274899
202.7318102274899 167.4682889595676
202.7318102274899 237.99533149541216
240.01238227282823 202.7318102274899
165.4512381821515 202.7318102274899
202.7318102274899 165.4512381821515
202.7318102274899 240.01238227282823
242.02858164869986 202.7318102274899
163.4350388062799 202.7318102274899
202.7318102274899 163.4350388062799
202.7318102274899 242.02858164869986
244.04402996952803 202.7318102274899
161.41959048545172 202.7318102274899
202.7318102274899 161.41959048545172
202.7318102274899 244.04402996952803
246.05880448048393 202.7318102274899
159.40481597449582 202.7318102274899
202.7318102274899 159.40481597449582
202.7318102274899 246.05880448048393
248.07296715588402 202.7318102274899
157.39065329909573 202.7318102274899
202.7318102274899 157.39065329909573
202.7318102274899 248.07296715588402
250.0865692532013 202.7318102274899
155.37705120177844 202.7318102274899
202.7318102274899 155.37705120177844
202.7318102274899 250.0865692532013
252.0996540983686 202.7318102274899
153.36396635661114 202.7318102274899
202.7318102274899 153.36396635661114
202.7318102274899 252.0996540983686
254.11225889798322 202.7318102274899
151.35136155699652 202.7318102274899
202.7318102274899 151.35136155699652
202.7318102274899 254.11225889798322
256.12441599116323 202.7318102274899
149.33920446381654 202.7318102274899
202.7318102274899 149.33920446381654
202.7318102274899 256.12441599116323
258.13615375828476 202.7318102274899
147.327466696695 202.7318102274899
202.7318102274899 147.327466696695
202.7318102274899 258.13615375828476
260.1474973058509 202.7318102274899
145.31612314912886 202.7318102274899
202.7318102274899 145.31612314912886
202.7318102274899 260.1474973058509
262.15846899704525 202.7318102274899
143.30515145793453 202.7318102274899
202.7318102274899 143.30515145793453
202.7318102274899 262.15846899704525
264.16908887127516 202.7318102274899
141.29453158370458 202.7318102274899
202.7318102274899 141.29453158370458
202.7318102274899 264.16908887127516
266.1793749812883 202.7318102274899
139.2842454736915 202.7318102274899
202.7318102274899 139.2842454736915
202.7318102274899 266.1793749812883
268.18934366761954 202.7318102274899
137.2742767873602 202.7318102274899
202.7318102274899 137.2742767873602
202.7318102274899 268.18934366761954
270.199009784509 202.7318102274899
135.26461067047074 202.7318102274899
202.7318102274899 135.26461067047074
202.7318102274899 270.199009784509
272.20838688767384 202.7318102274899
133.2552335673059 202.7318102274899
202.7318102274899 133.2552335673059
202.7318102274899 272.20838688767384
274.21748739171676 202.7318102274899
131.246133063263 202.7318102274899
202.7318102274899 131.246133063263
202.7318102274899 274.21748739171676
276.2263227030976 202.7318102274899
129.23729775188218 202.7318102274899
202.7318102274899 129.23729775188218
202.7318102274899 276.2263227030976
278.2349033332455 202.7318102274899
127.22871712173425 202.7318102274899
202.7318102274899 127.22871712173425
202.7318102274899 278.2349033332455
280.24323899539036 202.7318102274899
125.22038145958938 202.7318102274899
202.7318102274899 125.22038145958938
202.7318102274899 280.24323899539036
282.25133868793915 202.7318102274899
123.21228176704062 202.7318102274899
202.7318102274899 123.21228176704062
202.7318102274899 282.25133868793915
284.2592107666527 202.7318102274899
121.20440968832703 202.7318102274899
202.7318102274899 121.20440968832703
202.7318102274899 284.2592107666527
286.2668630074378 202.7318102274899
119.19675744754197 202.7318102274899
202.7318102274899 119.19675744754197
202.7318102274899 286.2668630074378
288.27430266122525 202.7318102274899
117.18931779375451 202.7318102274899
202.7318102274899 117.18931779375451
202.7318102274899 288.27430266122525
290.2815365021382 202.7318102274899
115.1820839528416 202.7318102274899
202.7318102274899 115.1820839528416
202.7318102274899 290.2815365021382
292.288570869939 202.7318102274899
113.17504958504077 202.7318102274899
202.7318102274899 113.17504958504077
202.7318102274899 292.288570869939
294.2954117075752 202.7318102274899
111.1682087474045 202.7318102274899
202.7318102274899 111.1682087474045
202.7318102274899 294.2954117075752
296.3020645945063 202.7318102274899
109.16155586047343 202.7318102274899
202.7318102274899 109.16155586047343
202.7318102274899 296.3020645945063
298.3085347763828 202.7318102274899
107.15508567859689 202.7318102274899
202.7318102274899 107.15508567859689
202.7318102274899 298.3085347763828
300.31482719155986 202.7318102274899
105.14879326341988 202.7318102274899
202.7318102274899 105.14879326341988
202.7318102274899 300.31482719155986
302.32094649485083 202.7318102274899
103.14267396012893 202.7318102274899
202.7318102274899 103.14267396012893
202.7318102274899 302.32094649485083
304.32689707886817 202.7318102274899
101.1367233761116 202.7318102274899
202.7318102274899 101.1367233761116
202.7318102274899 304.32689707886817
306.3326830932458 202.7318102274899
99.13093736173391 202.7318102274899
202.7318102274899 99.13093736173391
202.7318102274899 306.3326830932458
308.3383084619967 202.7318102274899
97.12531199298304 202.7318102274899
202.7318102274899 97.12531199298304
202.7318102274899 308.3383084619967
310.3437768992222 202.7318102274899
95.11984355575757 202.7318102274899
202.7318102274899 95.11984355575757
202.7318102274899 310.3437768992222
312.34909192336227 202.7318102274899
93.11452853161748 202.7318102274899
202.7318102274899 93.11452853161748
202.7318102274899 312.34909192336227
314.3542568701487 202.7318102274899
91.10936358483107 202.7318102274899
202.7318102274899 91.10936358483107
202.7318102274899 314.3542568701487
316.35927490440235 202.7318102274899
89.1043455505774 202.7318102274899
202.7318102274899 89.1043455505774
202.7318102274899 316.35927490440235
318.36414903079896 202.7318102274899
87.09947142418079 202.7318102274899
202.7318102274899 87.09947142418079
202.7318102274899 318.36414903079896
320.36888210371023 202.7318102274899
85.09473835126951 202.7318102274899
202.7318102274899 85.09473835126951
202.7318102274899 320.36888210371023
322.3734768362156 202.7318102274899
83.09014361876416 202.7318102274899
202.7318102274899 83.09014361876416
202.7318102274899 322.3734768362156
324.3779358083674 202.7318102274899
81.08568464661234 202.7318102274899
202.7318102274899 81.08568464661234
202.7318102274899 324.3779358083674
326.3822614747834 202.7318102274899
79.08135898019637 202.7318102274899
202.7318102274899 79.08135898019637
202.7318102274899 326.3822614747834
328.3864561716307 202.7318102274899
77.07716428334905 202.7318102274899
202.7318102274899 77.07716428334905
202.7318102274899 328.3864561716307
330.39052212305955 202.7318102274899
75.0730983319202 202.7318102274899
202.7318102274899 75.0730983319202
202.7318102274899 330.39052212305955
332.39446144713696 202.7318102274899
73.06915900784276 202.7318102274899
202.7318102274899 73.06915900784276
202.7318102274899 332.39446144713696
334.3982761613267 202.7318102274899
71.06534429365307 202.7318102274899
202.7318102274899 71.06534429365307
202.7318102274899 334.3982761613267
336.4019681875548 202.7318102274899
69.06165226742493 202.7318102274899
202.7318102274899 69.06165226742493
202.7318102274899 336.4019681875548
338.4055393568986 202.7318102274899
67.05808109808113 202.7318102274899
202.7318102274899 67.05808109808113
202.7318102274899 338.4055393568986
340.40899141392964 202.7318102274899
65.05462904105009 202.7318102274899
202.7318102274899 65.05462904105009
202.7318102274899 340.40899141392964
342.41232602074126 202.7318102274899
63.05129443423849 202.7318102274899
202.7318102274899 63.05129443423849
202.7318102274899 342.41232602074126
344.4155447606858 202.7318102274899
61.048075694293956 202.7318102274899
202.7318102274899 61.048075694293956
202.7318102274899 344.4155447606858
346.4186491418457 202.7318102274899
59.04497131313402 202.7318102274899
202.7318102274899 59.04497131313402
202.7318102274899 346.4186491418457
348.4216406002593 202.7318102274899
57.041979854720466 202.7318102274899
202.7318102274899 57.041979854720466
202.7318102274899 348.4216406002593
350.42452050292 202.7318102274899
55.03909995205973 202.7318102274899
202.7318102274899 55.03909995205973
202.7318102274899 350.42452050292
352.42729015056756 202.7318102274899
53.03633030441219 202.7318102274899
202.7318102274899 53.03633030441219
202.7318102274899 352.42729015056756
354.4299507802851 202.7318102274899
51.03366967469468 202.7318102274899
202.7318102274899 51.03366967469468
202.7318102274899 354.4299507802851
356.4325035679177 202.7318102274899
49.03111688706202 202.7318102274899
202.7318102274899 49.03111688706202
202.7318102274899 356.4325035679177
358.434949630325 202.7318102274899
47.02867082465478 202.7318102274899
202.7318102274899 47.02867082465478
202.7318102274899 358.434949630325
360.4372900274782 202.7318102274899
45.02633042750157 202.7318102274899
202.7318102274899 45.02633042750157
202.7318102274899 360.4372900274782
362.4395257644146 202.7318102274899
43.024094690565136 202.7318102274899
202.7318102274899 43.024094690565136
202.7318102274899 362.4395257644146
364.4416577930569 202.7318102274899
41.02196266192288 202.7318102274899
202.7318102274899 41.02196266192288
202.7318102274899 364.4416577930569
366.44368701390704 202.7318102274899
39.0199334410727 202.7318102274899
202.7318102274899 39.0199334410727
202.7318102274899 366.44368701390704
368.4456142776233 202.7318102274899
37.01800617735643 202.7318102274899
202.7318102274899 37.01800617735643
202.7318102274899 368.4456142776233
370.4474403864864 202.7318102274899
35.01618006849334 202.7318102274899
202.7318102274899 35.01618006849334
202.7318102274899 370.4474403864864
372.4491660957625 202.7318102274899
33.01445435921723 202.7318102274899
202.7318102274899 33.01445435921723
202.7318102274899 372.4491660957625
374.4507921149687 202.7318102274899
31.012828340011037 202.7318102274899
202.7318102274899 31.012828340011037
202.7318102274899 374.4507921149687
376.4523191090464 202.7318102274899
29.011301345933326 202.7318102274899
202.7318102274899 29.011301345933326
202.7318102274899 376.4523191090464
378.453747699448 202.7318102274899
27.009872755531752 202.7318102274899
202.7318102274899 27.009872755531752
202.7318102274899 378.453747699448
380.4550784651409 202.7318102274899
25.008541989838857 202.7318102274899
202.7318102274899 25.008541989838857
202.7318102274899 380.4550784651409
382.4563119435337 202.7318102274899
23.007308511446066 202.7318102274899
202.7318102274899 23.007308511446066
202.7318102274899 382.4563119435337
384.4574486313277 202.7318102274899
21.006171823652053 202.7318102274899
202.7318102274899 21.006171823652053
202.7318102274899 384.4574486313277
386.45848898529766 202.7318102274899
19.005131469682098 202.7318102274899
202.7318102274899 19.005131469682098
202.7318102274899 386.45848898529766
388.45943342300444 202.7318102274899
17.00418703197529 202.7318102274899
202.7318102274899 17.00418703197529
202.7318102274899 388.45943342300444
390.4602823234429 202.7318102274899
15.003338131536797 202.7318102274899
202.7318102274899 15.003338131536797
202.7318102274899 390.4602823234429
392.4610360276271 202.7318102274899
13.002584427352648 202.7318102274899
202.7318102274899 13.002584427352648
202.7318102274899 392.4610360276271
394.46169483911495 202.7318102274899
11.001925615864822 202.7318102274899
202.7318102274899 11.001925615864822
202.7318102274899 394.46169483911495
396.46225902447514 202.7318102274899
9.001361430504584 202.7318102274899
202.7318102274899 9.001361430504584
202.7318102274899 396.46225902447514
398.4627288136974 202.7318102274899
7.000891641282331 202.7318102274899
202.7318102274899 7.000891641282331
202.7318102274899 398.4627288136974
400.46310440054737 202.7318102274899
5.000516054432383 202.7318102274899
202.7318102274899 5.000516054432383
202.7318102274899 400.46310440054737
402.4633859428684 202.7318102274899
3.0002345121113674 202.7318102274899
202.7318102274899 3.0002345121113674
202.7318102274899 402.4633859428684
404.4635735628307 202.7318102274899
1.0000468921490888 202.7318102274899
202.7318102274899 1.0000468921490888
202.7318102274899 404.4635735628307
203.7318102274899 203.7318102274899
203.7318102274899 201.7318102274899
201.7318102274899 201.7318102274899
201.7318102274899 203.7318102274899
202.7318102274899 205.46386103505876
202.7318102274899 199.999759419921
199.999759419921 202.7318102274899
205.46386103505876 202.7318102274899
