# Core: boro
# Chain: geometric
# Phi: 0.7
# Layers: 20
# Precision: 15
# Bisection precision: 1E-100
# Final value of delta after bisection search: 0.00037141734405387510877267605916074844854623363073309073153140681669053142836315093037000451153964974139053457110284435076025805215779072272834982252079936549154579070425307288812571892400504768598475922
# Distance precision: 1E-98
# Number of contacts: 660
# System length: 89.83733876175563
38.99682284832295 48.65072018844669
38.99682284832295 41.186618573308934
50.840515913432675 41.186618573308934
50.840515913432675 48.65072018844669
48.65072018844669 38.99682284832295
41.186618573308934 50.840515913432675
41.186618573308934 38.99682284832295
48.65072018844669 50.840515913432675
36.9984434137477 48.57022400551414
36.9984434137477 41.26711475624149
52.838895348007924 41.26711475624149
52.838895348007924 48.57022400551414
48.57022400551414 36.9984434137477
41.26711475624149 52.838895348007924
41.26711475624149 36.9984434137477
48.57022400551414 52.838895348007924
34.99923732666681 48.513876677461354
34.99923732666681 41.32346208429428
54.838101435088824 41.32346208429428
54.838101435088824 48.513876677461354
48.513876677461354 34.99923732666681
41.32346208429428 54.838101435088824
41.32346208429428 34.99923732666681
48.513876677461354 54.838101435088824
32.99962630461165 48.4744335478244
32.99962630461165 41.36290521393123
56.83771245714397 41.36290521393123
56.83771245714397 48.4744335478244
48.4744335478244 32.99962630461165
41.36290521393123 56.83771245714397
41.36290521393123 32.99962630461165
48.4744335478244 56.83771245714397
30.999816894351024 48.446823357078536
30.999816894351024 41.390515404677096
58.837521867404604 41.390515404677096
58.837521867404604 48.446823357078536
48.446823357078536 30.999816894351024
41.390515404677096 58.837521867404604
41.390515404677096 30.999816894351024
48.446823357078536 58.837521867404604
28.999910281053836 48.42749622355643
28.999910281053836 41.4098425381992
60.83742848070179 41.4098425381992
60.83742848070179 48.42749622355643
48.42749622355643 28.999910281053836
41.4098425381992 60.83742848070179
41.4098425381992 28.999910281053836
48.42749622355643 60.83742848070179
26.999956039993354 48.413967230090954
26.999956039993354 41.42337153166467
62.837382721762275 41.42337153166467
62.837382721762275 48.413967230090954
48.413967230090954 26.999956039993354
41.42337153166467 62.837382721762275
41.42337153166467 26.999956039993354
48.413967230090954 62.837382721762275
24.999978461742902 48.404496934665126
24.999978461742902 41.432841827090506
64.83736030001273 41.432841827090506
64.83736030001273 48.404496934665126
48.404496934665126 24.999978461742902
41.432841827090506 64.83736030001273
41.432841827090506 24.999978461742902
48.404496934665126 64.83736030001273
22.999989448368773 48.39786772786704
22.999989448368773 41.43947103388859
66.83734931338685 41.43947103388859
66.83734931338685 48.39786772786704
48.39786772786704 22.999989448368773
41.43947103388859 66.83734931338685
41.43947103388859 22.999989448368773
48.39786772786704 66.83734931338685
20.999994831807907 48.39322728310838
20.999994831807907 41.444111478647244
68.83734392994772 41.444111478647244
68.83734392994772 48.39322728310838
48.39322728310838 20.999994831807907
41.444111478647244 68.83734392994772
41.444111478647244 20.999994831807907
48.39322728310838 68.83734392994772
18.999997469691273 48.389978971777325
18.999997469691273 41.44735978997831
70.83734129206435 41.44735978997831
70.83734129206435 48.389978971777325
48.389978971777325 18.999997469691273
41.44735978997831 70.83734129206435
41.44735978997831 18.999997469691273
48.389978971777325 70.83734129206435
16.999998762253686 48.38770515384558
16.999998762253686 41.44963360791005
72.83733999950194 41.44963360791005
72.83733999950194 48.38770515384558
48.38770515384558 16.999998762253686
41.44963360791005 72.83733999950194
41.44963360791005 16.999998762253686
48.38770515384558 72.83733999950194
14.999999395609164 48.38611348129336
14.999999395609164 41.45122528046227
74.83733936614647 41.45122528046227
74.83733936614647 48.38611348129336
48.38611348129336 14.999999395609164
41.45122528046227 74.83733936614647
41.45122528046227 14.999999395609164
48.38611348129336 74.83733936614647
12.999999705953325 48.38499931050681
12.999999705953325 41.45233945124882
76.8373390558023 41.45233945124882
76.8373390558023 48.38499931050681
48.38499931050681 12.999999705953325
41.45233945124882 76.8373390558023
41.45233945124882 12.999999705953325
48.38499931050681 76.8373390558023
10.999999858021956 48.38421939095622
10.999999858021956 41.453119370799406
78.83733890373367 41.453119370799406
78.83733890373367 48.38421939095622
48.38421939095622 10.999999858021956
41.453119370799406 78.83733890373367
41.453119370799406 10.999999858021956
48.38421939095622 78.83733890373367
8.999999932535584 48.38367344727081
8.999999932535584 41.45366531448482
80.83733882922004 41.45366531448482
80.83733882922004 48.38367344727081
48.38367344727081 8.999999932535584
41.45366531448482 80.83733882922004
41.45366531448482 8.999999932535584
48.38367344727081 80.83733882922004
6.999999969047262 48.38329128669102
6.999999969047262 41.454047475064606
82.83733879270837 41.454047475064606
82.83733879270837 48.38329128669102
48.38329128669102 6.999999969047262
41.454047475064606 82.83733879270837
41.454047475064606 6.999999969047262
48.38329128669102 82.83733879270837
4.999999986937984 48.38302377428517
4.999999986937984 41.45431498747046
84.83733877481764 41.45431498747046
84.83733877481764 48.38302377428517
48.38302377428517 4.999999986937984
41.45431498747046 84.83733877481764
41.45431498747046 4.999999986937984
48.38302377428517 84.83733877481764
2.999999995704438 48.38283651560107
2.999999995704438 41.454502246154554
86.83733876605119 41.454502246154554
86.83733876605119 48.38283651560107
48.38283651560107 2.999999995704438
41.454502246154554 86.83733876605119
41.454502246154554 2.999999995704438
48.38283651560107 86.83733876605119
1.0 48.38270543452221
1.0 41.454633327233424
88.83733876175563 41.454633327233424
88.83733876175563 48.38270543452221
48.38270543452221 1.0
41.454633327233424 88.83733876175563
41.454633327233424 1.0
48.38270543452221 88.83733876175563
38.99682284832295 46.65072018844669
38.99682284832295 43.186618573308934
50.840515913432675 43.186618573308934
50.840515913432675 46.65072018844669
46.65072018844669 38.99682284832295
43.186618573308934 50.840515913432675
43.186618573308934 38.99682284832295
46.65072018844669 50.840515913432675
36.8744811452357 46.574069363211756
36.8744811452357 43.263269398543876
52.962857616519926 43.263269398543876
52.962857616519926 46.574069363211756
46.574069363211756 36.8744811452357
43.263269398543876 52.962857616519926
43.263269398543876 36.8744811452357
46.574069363211756 52.962857616519926
34.60072565032347 46.553981669095336
34.60072565032347 43.283357092660296
55.236613111432156 43.283357092660296
55.236613111432156 46.553981669095336
46.553981669095336 34.60072565032347
43.283357092660296 55.236613111432156
43.283357092660296 34.60072565032347
46.553981669095336 55.236613111432156
32.34346559020231 46.58513391122204
32.34346559020231 43.25220485053359
57.49387317155332 43.25220485053359
57.49387317155332 46.58513391122204
46.58513391122204 32.34346559020231
43.25220485053359 57.49387317155332
43.25220485053359 32.34346559020231
46.58513391122204 57.49387317155332
30.18601087701701 46.619880619565684
30.18601087701701 43.21745814218995
59.65132788473861 43.21745814218995
59.65132788473861 46.619880619565684
46.619880619565684 30.18601087701701
43.21745814218995 59.65132788473861
43.21745814218995 30.18601087701701
46.619880619565684 59.65132788473861
28.109991002120644 46.63639497656255
28.109991002120644 43.200943785193076
61.72734775963498 43.200943785193076
61.72734775963498 46.63639497656255
46.63639497656255 28.109991002120644
43.200943785193076 61.72734775963498
43.200943785193076 28.109991002120644
46.63639497656255 61.72734775963498
26.071518966899788 46.64252583921587
26.071518966899788 43.194812922539754
63.765819794855844 43.194812922539754
63.765819794855844 46.64252583921587
46.64252583921587 26.071518966899788
43.194812922539754 63.765819794855844
43.194812922539754 26.071518966899788
46.64252583921587 63.765819794855844
24.04832857373493 46.64541692208627
24.04832857373493 43.191921839669355
65.7890101880207 43.191921839669355
65.7890101880207 46.64541692208627
46.64541692208627 24.04832857373493
43.191921839669355 65.7890101880207
43.191921839669355 24.04832857373493
46.64541692208627 65.7890101880207
22.033041148244617 46.6471504506098
22.033041148244617 43.19018831114583
67.80429761351101 43.19018831114583
67.80429761351101 46.6471504506098
46.6471504506098 22.033041148244617
43.19018831114583 67.80429761351101
43.19018831114583 22.033041148244617
46.6471504506098 67.80429761351101
20.022670626969024 46.64828103790882
20.022670626969024 43.18905772384681
69.8146681347866 43.18905772384681
69.8146681347866 46.64828103790882
46.64828103790882 20.022670626969024
43.18905772384681 69.8146681347866
43.18905772384681 20.022670626969024
46.64828103790882 69.8146681347866
18.015552955691156 46.64903985771989
18.015552955691156 43.18829890403574
71.82178580606447 43.18829890403574
71.82178580606447 46.64903985771989
46.64903985771989 18.015552955691156
43.18829890403574 71.82178580606447
43.18829890403574 18.015552955691156
46.64903985771989 71.82178580606447
16.010635503053383 46.64955661550239
16.010635503053383 43.187782146253234
73.82670325870225 43.187782146253234
73.82670325870225 46.64955661550239
46.64955661550239 16.010635503053383
43.187782146253234 73.82670325870225
43.187782146253234 16.010635503053383
46.64955661550239 73.82670325870225
14.007223802339995 46.64991170113961
14.007223802339995 43.18742706061602
75.83011495941564 43.18742706061602
75.83011495941564 46.64991170113961
46.64991170113961 14.007223802339995
43.18742706061602 75.83011495941564
43.18742706061602 14.007223802339995
46.64991170113961 75.83011495941564
12.004850159679524 46.65015713308805
12.004850159679524 43.187181628667574
77.83248860207611 43.187181628667574
77.83248860207611 46.65015713308805
46.65015713308805 12.004850159679524
43.187181628667574 77.83248860207611
43.187181628667574 12.004850159679524
46.65015713308805 77.83248860207611
10.003195606937645 46.650327443624946
10.003195606937645 43.187011318130686
79.83414315481798 43.187011318130686
79.83414315481798 46.650327443624946
46.650327443624946 10.003195606937645
43.187011318130686 79.83414315481798
43.187011318130686 10.003195606937645
46.650327443624946 79.83414315481798
8.002040805218678 46.650445943391155
8.002040805218678 43.18689281836447
81.83529795653695 43.18689281836447
81.83529795653695 46.650445943391155
46.650445943391155 8.002040805218678
43.18689281836447 81.83529795653695
43.18689281836447 8.002040805218678
46.650445943391155 81.83529795653695
6.001234088254312 46.650528546047084
6.001234088254312 43.18681021570854
83.83610467350131 43.18681021570854
83.83610467350131 46.650528546047084
46.650528546047084 6.001234088254312
43.18681021570854 83.83610467350131
43.18681021570854 6.001234088254312
46.650528546047084 83.83610467350131
4.0006701871655475 46.650586199280866
4.0006701871655475 43.18675256247476
85.83666857459008 43.18675256247476
85.83666857459008 46.650586199280866
46.650586199280866 4.0006701871655475
43.18675256247476 85.83666857459008
43.18675256247476 4.0006701871655475
46.650586199280866 85.83666857459008
2.0002758471312116 46.650626474422594
2.0002758471312116 43.18671228733303
87.83706291462441 43.18671228733303
87.83706291462441 46.650626474422594
46.650626474422594 2.0002758471312116
43.18671228733303 87.83706291462441
43.18671228733303 2.0002758471312116
46.650626474422594 87.83706291462441
89.83733876175563 46.650654626953326
89.83733876175563 43.1866841348023
46.650654626953326 89.83733876175563
43.1866841348023 89.83733876175563
51.840515913432675 44.918669380877816
37.99682284832295 44.918669380877816
44.918669380877816 37.99682284832295
44.918669380877816 51.840515913432675
54.08519931960718 44.918669380877816
35.75213944214845 44.918669380877816
44.918669380877816 35.75213944214845
44.918669380877816 54.08519931960718
56.388026903257135 44.918669380877816
33.44931185849849 44.918669380877816
44.918669380877816 33.44931185849849
44.918669380877816 56.388026903257135
58.59971943984951 44.918669380877816
31.23761932190612 44.918669380877816
44.918669380877816 31.23761932190612
44.918669380877816 58.59971943984951
60.702936329627725 44.918669380877816
29.134402432127903 44.918669380877816
44.918669380877816 29.134402432127903
44.918669380877816 60.702936329627725
62.75175918964224 44.918669380877816
27.085579572113385 44.918669380877816
44.918669380877816 27.085579572113385
44.918669380877816 62.75175918964224
64.77988040006944 44.918669380877816
25.057458361686187 44.918669380877816
44.918669380877816 25.057458361686187
44.918669380877816 64.77988040006944
66.79813997597195 44.918669380877816
23.03919878578367 44.918669380877816
44.918669380877816 23.03919878578367
44.918669380877816 66.79813997597195
68.81045525105007 44.918669380877816
21.026883510705563 44.918669380877816
44.918669380877816 21.026883510705563
44.918669380877816 68.81045525105007
70.81888101852314 44.918669380877816
19.018457743232485 44.918669380877816
44.918669380877816 19.018457743232485
44.918669380877816 70.81888101852314
72.82469059360581 44.918669380877816
17.012648168149823 44.918669380877816
44.918669380877816 17.012648168149823
44.918669380877816 72.82469059360581
74.82871592379868 44.918669380877816
15.00862283795694 44.918669380877816
44.918669380877816 15.00862283795694
44.918669380877816 74.82871592379868
76.83151399503258 44.918669380877816
13.005824766723048 44.918669380877816
44.918669380877816 13.005824766723048
44.918669380877816 76.83151399503258
78.83346320911963 44.918669380877816
11.003875552635998 44.918669380877816
44.918669380877816 11.003875552635998
44.918669380877816 78.83346320911963
80.83482310051633 44.918669380877816
9.002515661239292 44.918669380877816
44.918669380877816 9.002515661239292
44.918669380877816 80.83482310051633
82.83577281255756 44.918669380877816
7.001565949198067 44.918669380877816
44.918669380877816 7.001565949198067
44.918669380877816 82.83577281255756
84.83643653444507 44.918669380877816
5.000902227310556 44.918669380877816
44.918669380877816 5.000902227310556
44.918669380877816 84.83643653444507
86.83690061473509 44.918669380877816
3.0004381470205397 44.918669380877816
44.918669380877816 3.0004381470205397
44.918669380877816 86.83690061473509
88.83722521451375 44.918669380877816
1.0001135472418832 44.918669380877816
44.918669380877816 1.0001135472418832
44.918669380877816 88.83722521451375
48.85052103345595 46.85052103345595
40.98681772829968 46.85052103345595
48.85052103345595 42.98681772829968
40.98681772829968 42.98681772829968
46.85052103345595 48.85052103345595
42.98681772829968 48.85052103345595
46.85052103345595 40.98681772829968
42.98681772829968 40.98681772829968
48.85052103345595 48.85052103345595
48.85052103345595 40.98681772829968
40.98681772829968 40.98681772829968
40.98681772829968 48.85052103345595
44.918669380877816 46.33288294325091
44.918669380877816 43.50445581850472
43.50445581850472 44.918669380877816
46.33288294325091 44.918669380877816
44.918669380877816 48.33288294325091
44.918669380877816 41.50445581850472
41.50445581850472 44.918669380877816
48.33288294325091 44.918669380877816
