# Core: kahle
# Chain: geometric
# Phi: 0.7
# Layers: 10
# Precision: 15
# Bisection precision: 1E-100
# Final value of delta after bisection search: 0.013838174324008616737823283446113034714712097508593489964988964736045978687721284990320724219500202941670238337048047789553111784557889463009516720031583889239640369722436216141466381546549018834332267
# Distance precision: 1E-98
# Number of contacts: 324
# System length: 45.45710467648463
26.460603145811195 26.460603145811195
18.99650153067344 26.460603145811195
26.460603145811195 18.99650153067344
18.99650153067344 18.99650153067344
16.998288922066852 26.376066935784657
16.998288922066852 19.08103774069998
28.458815754417785 19.08103774069998
28.458815754417785 26.376066935784657
26.376066935784657 16.998288922066852
19.08103774069998 28.458815754417785
19.08103774069998 16.998288922066852
26.376066935784657 28.458815754417785
14.99916454416906 26.31689158876608
14.99916454416906 19.140213087718557
30.457940132315574 19.140213087718557
30.457940132315574 26.31689158876608
26.31689158876608 14.99916454416906
19.140213087718557 30.457940132315574
19.140213087718557 14.99916454416906
26.31689158876608 30.457940132315574
12.999593551088404 26.275468845853073
12.999593551088404 19.18163583063156
32.45751112539623 19.18163583063156
32.45751112539623 26.275468845853073
26.275468845853073 12.999593551088404
19.18163583063156 32.45751112539623
19.18163583063156 12.999593551088404
26.275468845853073 32.45751112539623
10.999803752979341 26.246472925813972
10.999803752979341 19.210631750670665
34.457300923505294 19.210631750670665
34.457300923505294 26.246472925813972
26.246472925813972 10.999803752979341
19.210631750670665 34.457300923505294
19.210631750670665 10.999803752979341
26.246472925813972 34.457300923505294
8.99990674914531 26.226175781786598
8.99990674914531 19.230928894698035
36.45719792733932 19.230928894698035
36.45719792733932 26.226175781786598
26.226175781786598 8.99990674914531
19.230928894698035 36.45719792733932
19.230928894698035 8.99990674914531
26.226175781786598 36.45719792733932
6.999957216603871 26.211967780967438
6.999957216603871 19.2451368955172
38.457147459880765 19.2451368955172
38.457147459880765 26.211967780967438
26.211967780967438 6.999957216603871
19.2451368955172 38.457147459880765
19.2451368955172 6.999957216603871
26.211967780967438 38.457147459880765
4.999981945499441 26.202022180394025
4.999981945499441 19.25508249609061
40.45712273098519 19.25508249609061
40.45712273098519 26.202022180394025
26.202022180394025 4.999981945499441
19.25508249609061 40.45712273098519
19.25508249609061 4.999981945499441
26.202022180394025 40.45712273098519
2.9999940626200665 26.195060259992637
2.9999940626200665 19.262044416492
42.45711061386457 19.262044416492
42.45711061386457 26.195060259992637
26.195060259992637 2.9999940626200665
19.262044416492 42.45711061386457
19.262044416492 2.9999940626200665
26.195060259992637 42.45711061386457
1.0 26.190186915711664
1.0 19.26691776077297
44.45710467648463 19.26691776077297
44.45710467648463 26.190186915711664
26.190186915711664 1.0
19.26691776077297 44.45710467648463
19.26691776077297 1.0
26.190186915711664 44.45710467648463
18.99650153067344 24.460603145811195
18.99650153067344 20.99650153067344
26.460603145811195 20.99650153067344
26.460603145811195 24.460603145811195
24.460603145811195 18.99650153067344
20.99650153067344 26.460603145811195
20.99650153067344 18.99650153067344
24.460603145811195 26.460603145811195
16.868743096388176 24.380266875896584
16.868743096388176 21.076837800588052
28.58836158009646 21.076837800588052
28.58836158009646 24.380266875896584
24.380266875896584 16.868743096388176
21.076837800588052 28.58836158009646
21.076837800588052 16.868743096388176
24.380266875896584 28.58836158009646
14.584573815024417 24.360334784758763
14.584573815024417 21.09676989172587
30.87253086146022 21.09676989172587
30.87253086146022 24.360334784758763
24.360334784758763 14.584573815024417
21.09676989172587 30.87253086146022
21.09676989172587 14.584573815024417
24.360334784758763 30.87253086146022
12.320968512175673 24.394121441315384
12.320968512175673 21.06298323516925
33.13613616430896 21.06298323516925
33.13613616430896 24.394121441315384
24.394121441315384 12.320968512175673
21.06298323516925 33.13613616430896
21.06298323516925 12.320968512175673
24.394121441315384 33.13613616430896
10.162693834309971 24.43008998599501
10.162693834309971 21.027014690489622
35.29441084217466 21.027014690489622
35.29441084217466 24.43008998599501
24.43008998599501 10.162693834309971
21.027014690489622 35.29441084217466
21.027014690489622 10.162693834309971
24.43008998599501 35.29441084217466
8.087472210517499 24.446438943734677
8.087472210517499 21.010665732749956
37.369632465967136 21.010665732749956
37.369632465967136 24.446438943734677
24.446438943734677 8.087472210517499
21.010665732749956 37.369632465967136
21.010665732749956 8.087472210517499
24.446438943734677 37.369632465967136
6.049233345968512 24.45238711450053
6.049233345968512 21.004717561984105
39.40787133051612 21.004717561984105
39.40787133051612 24.45238711450053
24.45238711450053 6.049233345968512
21.004717561984105 39.40787133051612
21.004717561984105 6.049233345968512
24.45238711450053 39.40787133051612
4.025922820872205 24.455251210366637
4.025922820872205 21.001853466117996
41.43118185561243 21.001853466117996
41.43118185561243 24.455251210366637
24.455251210366637 4.025922820872205
21.001853466117996 41.43118185561243
21.001853466117996 4.025922820872205
24.455251210366637 41.43118185561243
2.0104853361916435 24.456994530417948
2.0104853361916435 21.00011014606669
43.44661934029299 21.00011014606669
43.44661934029299 24.456994530417948
24.456994530417948 2.0104853361916435
21.00011014606669 43.44661934029299
21.00011014606669 2.0104853361916435
24.456994530417948 43.44661934029299
45.45710467648463 24.45813610814279
45.45710467648463 20.998968568341848
24.45813610814279 45.45710467648463
20.998968568341848 45.45710467648463
27.460603145811195 22.728552338242316
17.99650153067344 22.728552338242316
22.728552338242316 17.99650153067344
22.728552338242316 27.460603145811195
29.716120014381726 22.728552338242316
15.74098466210291 22.728552338242316
22.728552338242316 15.74098466210291
22.728552338242316 29.716120014381726
32.02894170853871 22.728552338242316
13.428162967945923 22.728552338242316
22.728552338242316 13.428162967945923
22.728552338242316 32.02894170853871
34.24333062007921 22.728552338242316
11.213774056405425 22.728552338242316
22.728552338242316 11.213774056405425
22.728552338242316 34.24333062007921
36.345491064270114 22.728552338242316
9.11161361221452 22.728552338242316
22.728552338242316 9.11161361221452
22.728552338242316 36.345491064270114
38.39377386766416 22.728552338242316
7.063330808820477 22.728552338242316
22.728552338242316 7.063330808820477
22.728552338242316 38.39377386766416
40.42196879336809 22.728552338242316
5.035135883116547 22.728552338242316
22.728552338242316 5.035135883116547
22.728552338242316 40.42196879336809
42.44039491785677 22.728552338242316
3.0167097586278637 22.728552338242316
22.728552338242316 3.0167097586278637
22.728552338242316 42.44039491785677
44.45284376272921 22.728552338242316
1.0042609137554233 22.728552338242316
22.728552338242316 1.0042609137554233
22.728552338242316 44.45284376272921
23.728552338242316 23.728552338242316
23.728552338242316 21.728552338242316
21.728552338242316 21.728552338242316
21.728552338242316 23.728552338242316
22.728552338242316 25.460603145811195
22.728552338242316 19.99650153067344
19.99650153067344 22.728552338242316
25.460603145811195 22.728552338242316
